0.7609625424366062 0.025160031259634792 0.24929323899400332 0.15701122047363564 0.3950903045923394 0.1258323679013062 1.833433027356226 1.5427320082041127 0.9923954527471572 1.3089500140188306 
1.0678878423908065 0.5772469063311054 1.2169019352147943 2.183264519749257 0.3950903045923394 0.1258323679013062 1.833433027356226 1.5427320082041127 1.2568047570753784 1.3089500140188306 
1.0678878423908065 0.5772469063311054 1.2169019352147943 2.183264519749257 0.3950903045923394 1.1178297149358298 2.891430679067592 1.5427320082041127 1.6376232396771373 1.3089500140188306 
1.0678878423908065 1.0038389839031812 1.2169019352147943 2.183264519749257 0.3950903045923394 1.1178297149358298 2.891430679067592 1.5427320082041127 2.283810822985485 1.3089500140188306 
1.0678878423908065 1.0038389839031812 1.2169019352147943 2.183264519749257 0.3950903045923394 1.1178297149358298 2.891430679067592 1.5427320082041127 2.283810822985485 1.3089500140188306 
1.7467082105314082 1.0038389839031812 3.0821466797301333 2.183264519749257 1.476276375694147 1.1178297149358298 2.891430679067592 1.5427320082041127 2.283810822985485 2.7021848316886086 
1.7467082105314082 1.0038389839031812 3.0821466797301333 2.183264519749257 1.476276375694147 1.1178297149358298 2.891430679067592 1.5427320082041127 2.283810822985485 2.7021848316886086 
1.7467082105314082 1.0038389839031812 3.0821466797301333 2.183264519749257 2.586230123958248 1.1178297149358298 2.891430679067592 1.5427320082041127 2.283810822985485 2.7021848316886086 
1.7467082105314082 1.0038389839031812 3.0821466797301333 2.183264519749257 2.586230123958248 1.1178297149358298 2.891430679067592 1.5427320082041127 2.283810822985485 2.7021848316886086 
1.7467082105314082 1.0038389839031812 3.0821466797301333 2.183264519749257 2.586230123958248 1.1178297149358298 2.891430679067592 3.7078154164791752 2.283810822985485 2.7021848316886086 
