0.32584139592407374 0.32584139592407374 0.32584139592407374 0.32584139592407374 0.32584139592407374 0.32584139592407374 0.32584139592407374 0.32584139592407374 0.32584139592407374 0.32584139592407374 
0.5846763651158374 0.32584139592407374 0.8897439194055088 0.5965888475742512 0.32584139592407374 0.846562937289608 0.32584139592407374 0.32584139592407374 0.32584139592407374 0.32584139592407374 
0.5846763651158374 0.32584139592407374 0.8897439194055088 0.8166548251648571 0.32584139592407374 0.846562937289608 0.8104739478135896 0.46956742130752255 0.32584139592407374 0.9859373569153272 
2.511740809594658 0.32584139592407374 0.8897439194055088 0.8166548251648571 0.32584139592407374 0.846562937289608 0.8104739478135896 0.559331239254391 0.44170809994748317 1.1841080142814926 
2.511740809594658 0.6065891650048437 0.8897439194055088 0.8166548251648571 0.32584139592407374 0.846562937289608 0.8104739478135896 0.559331239254391 0.44170809994748317 1.8154487094704503 
2.511740809594658 0.6065891650048437 0.8897439194055088 0.8166548251648571 0.32584139592407374 0.846562937289608 0.8104739478135896 0.559331239254391 1.3399191840096545 1.8154487094704503 
2.511740809594658 0.6065891650048437 0.8897439194055088 0.8166548251648571 0.4985175544062454 0.846562937289608 0.8104739478135896 0.7740783615910597 1.3399191840096545 1.8154487094704503 
2.511740809594658 0.6065891650048437 1.8428429675313043 1.466034005799921 1.0599778365679815 0.846562937289608 0.9302859785909086 0.7740783615910597 1.3399191840096545 1.8154487094704503 
2.511740809594658 0.6065891650048437 1.8428429675313043 1.466034005799921 1.0599778365679815 1.411815614086493 0.9302859785909086 0.7740783615910597 1.3399191840096545 1.8154487094704503 
2.511740809594658 0.6065891650048437 1.8428429675313043 1.466034005799921 1.8750028000393473 1.411815614086493 0.9302859785909086 0.7740783615910597 1.3399191840096545 1.8154487094704503 
2.511740809594658 0.6065891650048437 1.8428429675313043 1.466034005799921 2.15425740866442 1.411815614086493 0.9302859785909086 0.7740783615910597 1.3399191840096545 1.8154487094704503 
2.511740809594658 0.6065891650048437 1.8428429675313043 1.466034005799921 2.15425740866442 1.411815614086493 0.9302859785909086 0.7740783615910597 1.3399191840096545 1.8154487094704503 
2.511740809594658 0.6065891650048437 1.8428429675313043 1.466034005799921 2.15425740866442 1.411815614086493 0.9302859785909086 0.7740783615910597 1.3399191840096545 1.8154487094704503 
2.511740809594658 0.6065891650048437 1.8428429675313043 1.466034005799921 2.15425740866442 1.411815614086493 0.9302859785909086 1.0398751484072575 1.3399191840096545 1.8154487094704503 
2.511740809594658 0.8461438736961329 1.8428429675313043 1.466034005799921 2.15425740866442 2.8843930241519504 0.9302859785909086 1.0398751484072575 1.3399191840096545 1.8154487094704503 
2.511740809594658 0.8461438736961329 1.8428429675313043 1.466034005799921 2.15425740866442 2.8843930241519504 0.9302859785909086 1.0398751484072575 1.3399191840096545 1.8154487094704503 
2.511740809594658 0.8461438736961329 1.8428429675313043 1.466034005799921 2.15425740866442 2.8843930241519504 0.9302859785909086 1.0398751484072575 1.3399191840096545 1.8154487094704503 
2.511740809594658 1.3534628339765473 1.8428429675313043 1.466034005799921 2.15425740866442 2.8843930241519504 0.9302859785909086 1.0398751484072575 1.3399191840096545 1.8154487094704503 
2.511740809594658 1.3534628339765473 1.8428429675313043 1.466034005799921 2.15425740866442 2.8843930241519504 0.9302859785909086 1.0398751484072575 1.3399191840096545 1.8154487094704503 
2.511740809594658 1.3534628339765473 1.8428429675313043 1.466034005799921 2.15425740866442 2.8843930241519504 0.9302859785909086 1.0398751484072575 1.3399191840096545 1.8154487094704503 
2.511740809594658 1.3534628339765473 1.8428429675313043 1.8994356422938863 2.15425740866442 2.8843930241519504 0.9302859785909086 1.0398751484072575 1.3399191840096545 1.8154487094704503 
2.511740809594658 1.3534628339765473 1.8428429675313043 1.8994356422938863 2.15425740866442 2.8843930241519504 0.9302859785909086 1.0398751484072575 1.3399191840096545 1.8154487094704503 
2.511740809594658 1.3534628339765473 2.0161110170776078 1.8994356422938863 2.15425740866442 2.8843930241519504 0.9302859785909086 1.0398751484072575 1.3399191840096545 1.8154487094704503 
2.511740809594658 1.3534628339765473 2.0161110170776078 1.8994356422938863 2.15425740866442 2.8843930241519504 1.2459156596673728 1.0398751484072575 1.3399191840096545 1.8154487094704503 
2.511740809594658 1.3534628339765473 2.0161110170776078 1.8994356422938863 2.15425740866442 2.8843930241519504 1.2459156596673728 1.0398751484072575 1.3399191840096545 1.8154487094704503 
2.511740809594658 1.3534628339765473 2.0161110170776078 1.8994356422938863 2.15425740866442 2.8843930241519504 1.2459156596673728 1.0398751484072575 1.3399191840096545 1.8154487094704503 
3.111788315327196 1.3534628339765473 2.0161110170776078 1.8994356422938863 2.15425740866442 2.8843930241519504 1.2459156596673728 1.0398751484072575 1.3399191840096545 1.8154487094704503 
3.111788315327196 1.3534628339765473 2.0161110170776078 1.8994356422938863 2.15425740866442 2.8843930241519504 2.571881541930295 1.0398751484072575 1.3399191840096545 1.8154487094704503 
3.111788315327196 1.3534628339765473 2.3682342963207597 1.8994356422938863 2.15425740866442 2.8843930241519504 2.571881541930295 1.0398751484072575 1.3399191840096545 1.8154487094704503 
3.111788315327196 1.3534628339765473 2.3682342963207597 1.8994356422938863 2.15425740866442 2.8843930241519504 2.571881541930295 1.0398751484072575 1.3399191840096545 1.8154487094704503 
3.111788315327196 1.3534628339765473 2.3682342963207597 1.8994356422938863 2.15425740866442 2.8843930241519504 2.571881541930295 1.0398751484072575 1.3399191840096545 1.8154487094704503 
3.111788315327196 1.3534628339765473 2.3682342963207597 1.8994356422938863 2.15425740866442 2.8843930241519504 2.571881541930295 1.358602174127642 1.3399191840096545 1.8154487094704503 
3.111788315327196 1.3534628339765473 2.3682342963207597 1.8994356422938863 2.15425740866442 2.8843930241519504 2.571881541930295 1.358602174127642 1.3399191840096545 1.8154487094704503 
3.111788315327196 1.3534628339765473 2.3682342963207597 1.8994356422938863 2.15425740866442 2.8843930241519504 2.571881541930295 1.358602174127642 1.3399191840096545 1.8154487094704503 
3.111788315327196 1.3534628339765473 2.3682342963207597 1.8994356422938863 2.15425740866442 2.8843930241519504 2.571881541930295 1.358602174127642 1.3399191840096545 1.8154487094704503 
3.111788315327196 1.3534628339765473 2.3682342963207597 1.8994356422938863 2.15425740866442 2.8843930241519504 2.571881541930295 1.358602174127642 1.3399191840096545 1.8154487094704503 
3.111788315327196 1.3534628339765473 2.3682342963207597 1.8994356422938863 2.15425740866442 2.8843930241519504 2.571881541930295 1.358602174127642 1.3399191840096545 1.8154487094704503 
3.111788315327196 1.3534628339765473 2.3682342963207597 1.8994356422938863 2.15425740866442 2.8843930241519504 2.571881541930295 1.358602174127642 1.3399191840096545 1.8154487094704503 
3.111788315327196 1.3534628339765473 2.3682342963207597 1.8994356422938863 2.15425740866442 2.8843930241519504 2.571881541930295 1.358602174127642 1.3399191840096545 1.8154487094704503 
3.111788315327196 1.3534628339765473 2.3682342963207597 1.8994356422938863 2.15425740866442 2.8843930241519504 2.571881541930295 1.358602174127642 1.3399191840096545 1.8154487094704503 
3.111788315327196 1.3534628339765473 2.3682342963207597 1.8994356422938863 2.15425740866442 2.8843930241519504 2.571881541930295 1.358602174127642 1.3399191840096545 1.8154487094704503 
3.111788315327196 1.3534628339765473 2.3682342963207597 1.8994356422938863 2.15425740866442 2.8843930241519504 2.571881541930295 1.358602174127642 1.3399191840096545 1.8154487094704503 
3.111788315327196 1.3534628339765473 2.3682342963207597 1.8994356422938863 2.15425740866442 2.8843930241519504 2.571881541930295 1.358602174127642 1.3399191840096545 1.8154487094704503 
3.111788315327196 1.3534628339765473 2.3682342963207597 1.8994356422938863 2.15425740866442 2.8843930241519504 2.571881541930295 1.358602174127642 1.3399191840096545 1.8154487094704503 
3.111788315327196 1.3534628339765473 2.3682342963207597 1.8994356422938863 2.15425740866442 2.8843930241519504 2.571881541930295 1.5731674583795578 1.3399191840096545 1.8154487094704503 
3.111788315327196 1.3534628339765473 2.3682342963207597 1.8994356422938863 2.15425740866442 2.8843930241519504 2.571881541930295 1.5731674583795578 1.3399191840096545 1.8154487094704503 
3.111788315327196 1.3534628339765473 2.3682342963207597 1.8994356422938863 2.15425740866442 2.8843930241519504 2.571881541930295 1.5731674583795578 1.3399191840096545 1.8154487094704503 
3.111788315327196 1.3534628339765473 2.3682342963207597 1.8994356422938863 2.15425740866442 2.8843930241519504 2.571881541930295 1.7372722552946034 1.3399191840096545 1.8154487094704503 
3.111788315327196 1.3534628339765473 2.3682342963207597 1.8994356422938863 2.15425740866442 2.8843930241519504 2.571881541930295 1.7372722552946034 1.3399191840096545 1.8154487094704503 
3.111788315327196 1.3534628339765473 2.3682342963207597 1.8994356422938863 2.15425740866442 2.8843930241519504 2.571881541930295 1.7372722552946034 1.3399191840096545 1.8154487094704503 
