0.0370587236414318 1.0923809385650658 1.0797279953349976 -1.6105272650539189 -0.33278284786066076 0.3514691327956467 1.400238645415221 -0.819145244041102 -0.5334133939398992 -0.028439280179216188 
0.8569751967514461 1.0923809385650658 1.3707890886974712 0.572914435966043 -0.33278284786066076 0.5927457953345108 1.400238645415221 -0.24366873640057565 0.1233793311638705 -0.028439280179216188 
0.8569751967514461 1.0923809385650658 1.3707890886974712 1.00396185854399 -0.032464924217993116 0.5927457953345108 1.400238645415221 -0.01872485256464814 0.1233793311638705 0.010609473255014686 
0.8569751967514461 1.0923809385650658 1.3707890886974712 1.00396185854399 -0.016582274538799353 0.5927457953345108 1.400238645415221 0.014861471020084997 0.5336588744448244 0.010609473255014686 
0.8569751967514461 1.0923809385650658 1.3707890886974712 1.00396185854399 0.8994865949443138 0.5927457953345108 1.400238645415221 0.09405263158293233 0.5336588744448244 0.169424547000471 
1.1545686478327093 1.0923809385650658 1.3707890886974712 1.00396185854399 0.8994865949443138 3.2883385653680683 2.401028799293324 0.40355555330742354 0.5336588744448244 0.3588482966802097 
1.5617734396963128 1.0923809385650658 2.347961309121019 1.00396185854399 0.8994865949443138 3.2883385653680683 2.401028799293324 0.40355555330742354 0.5336588744448244 0.3588482966802097 
1.5617734396963128 1.294449588484502 2.347961309121019 1.00396185854399 0.8994865949443138 3.2883385653680683 2.401028799293324 0.40355555330742354 0.6808146693632307 0.3588482966802097 
1.5617734396963128 1.294449588484502 2.347961309121019 1.00396185854399 0.8994865949443138 3.2883385653680683 2.401028799293324 0.40355555330742354 1.0514731843619287 0.3588482966802097 
1.5617734396963128 1.294449588484502 2.347961309121019 1.00396185854399 0.8994865949443138 3.2883385653680683 2.401028799293324 0.40355555330742354 1.0514731843619287 1.3226203878659297 
1.5617734396963128 1.294449588484502 2.347961309121019 1.00396185854399 0.8994865949443138 3.2883385653680683 2.401028799293324 0.898089410151559 1.0514731843619287 1.3226203878659297 
1.5617734396963128 1.294449588484502 2.347961309121019 1.00396185854399 0.8994865949443138 3.2883385653680683 2.401028799293324 0.898089410151559 1.0514731843619287 1.3226203878659297 
1.5617734396963128 1.294449588484502 2.347961309121019 1.00396185854399 0.8994865949443138 3.2883385653680683 2.401028799293324 0.898089410151559 1.0514731843619287 1.3226203878659297 
1.5617734396963128 1.294449588484502 2.347961309121019 1.00396185854399 0.8994865949443138 3.2883385653680683 2.401028799293324 0.898089410151559 1.0514731843619287 1.3226203878659297 
1.5617734396963128 1.294449588484502 2.347961309121019 1.00396185854399 0.8994865949443138 3.2883385653680683 2.401028799293324 0.898089410151559 1.0514731843619287 1.3226203878659297 
1.5617734396963128 1.294449588484502 2.347961309121019 1.00396185854399 0.8994865949443138 3.2883385653680683 2.401028799293324 0.9224003338192147 1.0514731843619287 1.3226203878659297 
1.5617734396963128 1.294449588484502 2.347961309121019 1.118416421130702 0.8994865949443138 3.2883385653680683 2.401028799293324 0.9224003338192147 1.8154617739564056 1.3226203878659297 
1.5617734396963128 1.294449588484502 2.347961309121019 1.118416421130702 0.8994865949443138 3.2883385653680683 2.401028799293324 2.3253526443434387 1.8154617739564056 1.3226203878659297 
1.5617734396963128 1.294449588484502 2.347961309121019 1.118416421130702 0.8994865949443138 3.2883385653680683 2.401028799293324 2.3253526443434387 1.8154617739564056 1.3226203878659297 
1.5617734396963128 1.294449588484502 2.347961309121019 1.118416421130702 0.8994865949443138 3.2883385653680683 2.401028799293324 2.3253526443434387 1.8154617739564056 1.3226203878659297 
1.5617734396963128 1.294449588484502 2.347961309121019 1.118416421130702 0.8994865949443138 3.2883385653680683 2.401028799293324 2.3253526443434387 1.8154617739564056 1.3226203878659297 
1.5617734396963128 1.31705849003196 2.347961309121019 1.118416421130702 0.8994865949443138 3.2883385653680683 2.401028799293324 2.3253526443434387 1.8154617739564056 1.3226203878659297 
1.5617734396963128 1.31705849003196 2.347961309121019 1.118416421130702 0.8994865949443138 3.2883385653680683 2.401028799293324 2.3253526443434387 1.8154617739564056 1.3226203878659297 
1.5617734396963128 1.31705849003196 2.347961309121019 1.118416421130702 0.8994865949443138 3.2883385653680683 2.401028799293324 2.3253526443434387 1.8154617739564056 1.3226203878659297 
1.5617734396963128 1.31705849003196 2.347961309121019 1.118416421130702 0.8994865949443138 3.2883385653680683 2.401028799293324 2.3253526443434387 1.8154617739564056 1.3226203878659297 
1.5617734396963128 1.31705849003196 2.347961309121019 1.118416421130702 0.8994865949443138 3.2883385653680683 2.401028799293324 2.3253526443434387 1.8154617739564056 1.3226203878659297 
2.7875622160697384 1.31705849003196 2.347961309121019 1.118416421130702 0.8994865949443138 3.2883385653680683 2.401028799293324 2.3253526443434387 1.8154617739564056 1.3226203878659297 
2.7875622160697384 1.31705849003196 2.347961309121019 1.118416421130702 0.8994865949443138 3.2883385653680683 2.401028799293324 2.3253526443434387 1.8154617739564056 1.3226203878659297 
2.7875622160697384 1.31705849003196 2.347961309121019 1.118416421130702 0.8994865949443138 3.2883385653680683 2.401028799293324 2.3253526443434387 1.8154617739564056 1.3226203878659297 
2.7875622160697384 1.31705849003196 2.347961309121019 1.118416421130702 0.8994865949443138 3.2883385653680683 2.401028799293324 2.3253526443434387 1.8154617739564056 1.3226203878659297 
2.7875622160697384 1.968797776787707 2.347961309121019 1.118416421130702 0.8994865949443138 3.2883385653680683 2.401028799293324 2.3253526443434387 1.8154617739564056 1.3226203878659297 
2.7875622160697384 1.968797776787707 2.347961309121019 1.118416421130702 0.8994865949443138 3.2883385653680683 2.401028799293324 2.3253526443434387 1.8154617739564056 1.3226203878659297 
2.7875622160697384 1.968797776787707 2.347961309121019 1.118416421130702 0.8994865949443138 3.2883385653680683 2.401028799293324 2.3253526443434387 1.8154617739564056 2.008042173518883 
2.7875622160697384 1.968797776787707 2.347961309121019 1.2439157860639534 0.8994865949443138 3.2883385653680683 2.401028799293324 2.3253526443434387 1.8154617739564056 2.008042173518883 
2.7875622160697384 1.968797776787707 2.347961309121019 1.2439157860639534 0.8994865949443138 3.2883385653680683 2.401028799293324 2.3253526443434387 1.8154617739564056 2.008042173518883 
2.7875622160697384 1.968797776787707 2.347961309121019 1.2439157860639534 0.8994865949443138 3.2883385653680683 2.401028799293324 2.3253526443434387 1.8154617739564056 2.008042173518883 
2.7875622160697384 1.968797776787707 3.427215628053952 1.2439157860639534 0.8994865949443138 3.2883385653680683 2.401028799293324 2.3253526443434387 1.8154617739564056 2.008042173518883 
2.7875622160697384 1.968797776787707 3.427215628053952 2.1228535214775346 0.8994865949443138 3.2883385653680683 2.401028799293324 2.3253526443434387 1.8154617739564056 2.008042173518883 
2.7875622160697384 1.968797776787707 3.427215628053952 2.1228535214775346 0.8994865949443138 3.2883385653680683 2.401028799293324 2.3253526443434387 1.8154617739564056 2.008042173518883 
2.7875622160697384 1.968797776787707 3.427215628053952 2.1228535214775346 0.8994865949443138 3.2883385653680683 2.401028799293324 2.3253526443434387 1.8154617739564056 2.008042173518883 
2.7875622160697384 1.968797776787707 3.427215628053952 2.1228535214775346 0.8994865949443138 3.2883385653680683 2.401028799293324 2.3253526443434387 1.8154617739564056 2.008042173518883 
2.7875622160697384 1.968797776787707 3.427215628053952 2.1228535214775346 0.8994865949443138 3.2883385653680683 2.401028799293324 2.3253526443434387 1.8154617739564056 2.008042173518883 
2.7875622160697384 2.1858712606100856 3.427215628053952 2.1228535214775346 0.8994865949443138 3.2883385653680683 2.401028799293324 2.3253526443434387 1.8154617739564056 2.008042173518883 
2.7875622160697384 2.1858712606100856 3.427215628053952 2.1228535214775346 0.8994865949443138 3.2883385653680683 2.401028799293324 2.3253526443434387 1.8154617739564056 2.008042173518883 
2.7875622160697384 2.1858712606100856 3.427215628053952 2.1228535214775346 0.8994865949443138 3.2883385653680683 2.401028799293324 2.3253526443434387 1.8154617739564056 2.008042173518883 
2.7875622160697384 2.1858712606100856 3.427215628053952 2.1228535214775346 0.8994865949443138 3.2883385653680683 2.401028799293324 2.3253526443434387 1.8154617739564056 2.008042173518883 
2.7875622160697384 2.1858712606100856 3.427215628053952 2.1228535214775346 0.8994865949443138 3.2883385653680683 2.401028799293324 2.3253526443434387 1.8154617739564056 2.008042173518883 
2.7875622160697384 2.1858712606100856 3.427215628053952 2.1228535214775346 0.8994865949443138 3.2883385653680683 2.401028799293324 2.3253526443434387 1.8154617739564056 2.008042173518883 
2.7875622160697384 2.1858712606100856 3.427215628053952 2.6331914061228567 0.8994865949443138 3.2883385653680683 2.401028799293324 2.3253526443434387 1.8154617739564056 2.008042173518883 
2.7875622160697384 2.1858712606100856 3.427215628053952 2.6331914061228567 0.8994865949443138 3.2883385653680683 2.401028799293324 2.3253526443434387 1.8154617739564056 2.008042173518883 
2.7875622160697384 2.1858712606100856 3.427215628053952 2.6331914061228567 0.8994865949443138 3.2883385653680683 2.401028799293324 2.3253526443434387 1.8154617739564056 2.008042173518883 
2.7875622160697384 2.1858712606100856 3.427215628053952 2.6331914061228567 0.8994865949443138 3.2883385653680683 2.401028799293324 2.3253526443434387 1.8154617739564056 2.008042173518883 
2.7875622160697384 2.1858712606100856 3.427215628053952 2.6331914061228567 2.0177102365648225 3.2883385653680683 2.401028799293324 2.3253526443434387 1.8154617739564056 2.008042173518883 
2.7875622160697384 2.1858712606100856 3.427215628053952 2.6331914061228567 2.0177102365648225 3.2883385653680683 2.401028799293324 2.3253526443434387 1.8154617739564056 2.008042173518883 
2.7875622160697384 2.1858712606100856 3.427215628053952 2.6331914061228567 2.0177102365648225 3.2883385653680683 2.401028799293324 2.3253526443434387 1.8154617739564056 2.008042173518883 
2.7875622160697384 2.1858712606100856 3.427215628053952 2.6331914061228567 2.0177102365648225 3.2883385653680683 2.401028799293324 2.3253526443434387 1.8154617739564056 2.008042173518883 
2.7875622160697384 2.1858712606100856 3.427215628053952 2.6331914061228567 2.0177102365648225 3.2883385653680683 2.401028799293324 2.3253526443434387 1.8154617739564056 2.008042173518883 
2.7875622160697384 2.1858712606100856 3.427215628053952 2.6331914061228567 2.0177102365648225 3.2883385653680683 2.401028799293324 2.3253526443434387 2.7746134477004953 2.008042173518883 
2.7875622160697384 2.1858712606100856 3.427215628053952 2.6331914061228567 2.0177102365648225 3.2883385653680683 2.401028799293324 2.3253526443434387 2.7746134477004953 2.008042173518883 
2.7875622160697384 2.1858712606100856 3.427215628053952 2.6331914061228567 2.0177102365648225 3.2883385653680683 2.401028799293324 2.3253526443434387 2.7746134477004953 2.008042173518883 
2.7875622160697384 2.1858712606100856 3.427215628053952 2.6331914061228567 2.0177102365648225 3.2883385653680683 2.401028799293324 2.3253526443434387 2.7746134477004953 2.008042173518883 
2.7875622160697384 2.1858712606100856 3.427215628053952 2.6331914061228567 2.0177102365648225 3.2883385653680683 2.401028799293324 2.3253526443434387 2.7746134477004953 2.008042173518883 
2.7875622160697384 2.1858712606100856 3.427215628053952 2.6331914061228567 2.0177102365648225 3.2883385653680683 2.401028799293324 2.3253526443434387 2.7746134477004953 2.008042173518883 
2.7875622160697384 2.1858712606100856 3.427215628053952 2.6331914061228567 2.0177102365648225 3.2883385653680683 2.401028799293324 2.3253526443434387 2.7746134477004953 2.008042173518883 
2.7875622160697384 2.1858712606100856 3.427215628053952 2.6331914061228567 2.0177102365648225 3.2883385653680683 2.401028799293324 2.3253526443434387 2.7746134477004953 2.008042173518883 
2.7875622160697384 2.1858712606100856 3.427215628053952 2.6331914061228567 2.0177102365648225 3.2883385653680683 2.401028799293324 2.3253526443434387 2.7746134477004953 2.008042173518883 
2.7875622160697384 2.1858712606100856 3.427215628053952 2.6331914061228567 2.0177102365648225 3.2883385653680683 2.401028799293324 2.3253526443434387 2.7746134477004953 2.008042173518883 
2.7875622160697384 2.1858712606100856 3.427215628053952 2.6331914061228567 2.0177102365648225 3.2883385653680683 2.401028799293324 2.3253526443434387 2.7746134477004953 2.008042173518883 
2.7875622160697384 2.1858712606100856 3.427215628053952 2.6331914061228567 2.0177102365648225 3.2883385653680683 2.401028799293324 2.3253526443434387 2.7746134477004953 2.008042173518883 
2.7875622160697384 2.1858712606100856 3.427215628053952 2.6331914061228567 2.0177102365648225 3.2883385653680683 2.401028799293324 2.3253526443434387 2.7746134477004953 2.008042173518883 
2.7875622160697384 2.1858712606100856 3.427215628053952 2.6331914061228567 2.0177102365648225 3.2883385653680683 2.401028799293324 2.3253526443434387 2.7746134477004953 2.008042173518883 
2.7875622160697384 2.1858712606100856 3.427215628053952 2.6331914061228567 2.0177102365648225 3.2883385653680683 2.401028799293324 2.3253526443434387 2.7746134477004953 2.008042173518883 
2.7875622160697384 2.1858712606100856 3.427215628053952 2.6331914061228567 2.0177102365648225 3.2883385653680683 2.401028799293324 2.3253526443434387 2.7746134477004953 2.008042173518883 
2.7875622160697384 2.1858712606100856 3.427215628053952 2.6331914061228567 2.0177102365648225 3.2883385653680683 2.401028799293324 2.3253526443434387 2.7746134477004953 2.008042173518883 
2.7875622160697384 2.1858712606100856 3.427215628053952 2.6331914061228567 2.0177102365648225 3.2883385653680683 2.401028799293324 2.3253526443434387 2.7746134477004953 2.008042173518883 
2.7875622160697384 2.1858712606100856 3.427215628053952 2.6331914061228567 2.0177102365648225 3.2883385653680683 2.401028799293324 2.3253526443434387 2.7746134477004953 2.008042173518883 
2.7875622160697384 2.1858712606100856 3.427215628053952 2.6331914061228567 2.0177102365648225 3.2883385653680683 2.401028799293324 2.3253526443434387 2.7746134477004953 2.008042173518883 
2.7875622160697384 2.1858712606100856 3.427215628053952 2.6331914061228567 2.0177102365648225 3.2883385653680683 2.401028799293324 2.3253526443434387 2.7746134477004953 2.008042173518883 
2.7875622160697384 2.1858712606100856 3.427215628053952 2.6331914061228567 2.0177102365648225 3.2883385653680683 2.401028799293324 2.3253526443434387 2.7746134477004953 2.008042173518883 
2.7875622160697384 2.1858712606100856 3.427215628053952 2.6331914061228567 2.0177102365648225 3.2883385653680683 2.401028799293324 2.3253526443434387 2.7746134477004953 2.008042173518883 
2.7875622160697384 2.1858712606100856 3.427215628053952 2.6331914061228567 2.0177102365648225 3.2883385653680683 2.401028799293324 2.3253526443434387 2.7746134477004953 2.008042173518883 
2.7875622160697384 2.1858712606100856 3.427215628053952 2.6331914061228567 2.0177102365648225 3.2883385653680683 2.401028799293324 2.3253526443434387 2.7746134477004953 2.008042173518883 
2.7875622160697384 2.1858712606100856 3.427215628053952 2.6331914061228567 2.0177102365648225 3.2883385653680683 2.401028799293324 2.3253526443434387 2.7746134477004953 2.008042173518883 
2.7875622160697384 2.1858712606100856 3.427215628053952 2.6331914061228567 2.0177102365648225 3.2883385653680683 2.401028799293324 2.3253526443434387 2.7746134477004953 2.008042173518883 
2.7875622160697384 2.1858712606100856 3.427215628053952 2.6331914061228567 2.0177102365648225 3.2883385653680683 2.401028799293324 2.3253526443434387 2.7746134477004953 2.008042173518883 
2.7875622160697384 2.1858712606100856 3.427215628053952 2.6331914061228567 2.0177102365648225 3.2883385653680683 2.401028799293324 2.3253526443434387 2.7746134477004953 2.008042173518883 
2.7875622160697384 2.1858712606100856 3.427215628053952 2.6331914061228567 2.0177102365648225 3.2883385653680683 2.401028799293324 2.3253526443434387 2.7746134477004953 2.008042173518883 
2.7875622160697384 2.1858712606100856 3.427215628053952 2.6331914061228567 2.0177102365648225 3.2883385653680683 2.401028799293324 2.3253526443434387 2.7746134477004953 2.008042173518883 
2.7875622160697384 2.1858712606100856 3.427215628053952 2.6331914061228567 2.0177102365648225 3.2883385653680683 2.401028799293324 2.3253526443434387 2.7746134477004953 2.008042173518883 
2.7875622160697384 2.1858712606100856 3.427215628053952 2.6331914061228567 2.0177102365648225 3.2883385653680683 2.401028799293324 2.3253526443434387 2.7746134477004953 2.008042173518883 
2.7875622160697384 2.1858712606100856 3.427215628053952 2.6331914061228567 2.0177102365648225 3.2883385653680683 2.401028799293324 2.3253526443434387 2.7746134477004953 2.008042173518883 
2.7875622160697384 2.1858712606100856 3.427215628053952 2.6331914061228567 2.0177102365648225 3.2883385653680683 2.401028799293324 2.3253526443434387 2.7746134477004953 2.008042173518883 
2.7875622160697384 2.1858712606100856 3.427215628053952 2.6331914061228567 2.0177102365648225 3.2883385653680683 2.401028799293324 2.3253526443434387 2.7746134477004953 2.008042173518883 
2.7875622160697384 2.1858712606100856 3.427215628053952 2.6331914061228567 2.0177102365648225 3.2883385653680683 2.401028799293324 2.3253526443434387 2.7746134477004953 2.008042173518883 
2.7875622160697384 2.1858712606100856 3.427215628053952 2.6331914061228567 2.0177102365648225 3.2883385653680683 2.401028799293324 2.3253526443434387 2.7746134477004953 2.008042173518883 
2.7875622160697384 2.1858712606100856 3.427215628053952 2.6331914061228567 2.0177102365648225 3.2883385653680683 2.401028799293324 2.3253526443434387 2.7746134477004953 2.008042173518883 
2.7875622160697384 2.284752014264696 3.427215628053952 2.6331914061228567 2.0177102365648225 3.2883385653680683 2.401028799293324 2.3253526443434387 2.7746134477004953 2.008042173518883 
2.7875622160697384 2.284752014264696 3.427215628053952 2.6331914061228567 2.0177102365648225 3.2883385653680683 2.401028799293324 2.3253526443434387 2.7746134477004953 2.008042173518883 
2.7875622160697384 2.284752014264696 3.427215628053952 2.6331914061228567 2.0177102365648225 3.2883385653680683 2.401028799293324 2.3253526443434387 2.7746134477004953 2.008042173518883 
2.7875622160697384 2.284752014264696 3.427215628053952 2.6331914061228567 2.0177102365648225 3.2883385653680683 2.401028799293324 2.3253526443434387 2.7746134477004953 2.008042173518883 
2.7875622160697384 2.284752014264696 3.427215628053952 2.6331914061228567 2.0177102365648225 3.2883385653680683 2.401028799293324 2.3253526443434387 2.7746134477004953 2.008042173518883 
2.7875622160697384 2.284752014264696 3.427215628053952 2.6331914061228567 2.0177102365648225 3.2883385653680683 2.401028799293324 2.3253526443434387 2.7746134477004953 2.008042173518883 
2.7875622160697384 2.284752014264696 3.427215628053952 2.6331914061228567 2.0177102365648225 3.2883385653680683 2.401028799293324 2.3253526443434387 2.7746134477004953 2.008042173518883 
2.7875622160697384 2.284752014264696 3.427215628053952 2.6331914061228567 2.0177102365648225 3.2883385653680683 2.401028799293324 2.3253526443434387 2.7746134477004953 2.008042173518883 
2.7875622160697384 2.284752014264696 3.427215628053952 3.5486311279835125 2.0177102365648225 3.2883385653680683 2.401028799293324 2.3253526443434387 2.7746134477004953 2.008042173518883 
2.7875622160697384 2.284752014264696 3.427215628053952 3.5486311279835125 2.0177102365648225 3.2883385653680683 2.401028799293324 2.3253526443434387 2.7746134477004953 2.008042173518883 
2.7875622160697384 2.284752014264696 3.427215628053952 3.5486311279835125 2.0177102365648225 3.2883385653680683 2.401028799293324 2.3253526443434387 2.7746134477004953 2.008042173518883 
2.7875622160697384 2.284752014264696 3.427215628053952 3.5486311279835125 2.0177102365648225 3.2883385653680683 2.401028799293324 2.3253526443434387 2.7746134477004953 2.008042173518883 
2.7875622160697384 2.284752014264696 3.427215628053952 3.5486311279835125 2.0177102365648225 3.2883385653680683 2.401028799293324 2.3253526443434387 2.7746134477004953 2.008042173518883 
2.7875622160697384 2.284752014264696 3.427215628053952 3.5486311279835125 2.0177102365648225 3.2883385653680683 2.401028799293324 2.3253526443434387 2.7746134477004953 2.008042173518883 
2.7875622160697384 2.284752014264696 3.427215628053952 3.5486311279835125 2.0177102365648225 3.2883385653680683 2.401028799293324 2.3253526443434387 2.7746134477004953 2.008042173518883 
2.7875622160697384 2.284752014264696 3.427215628053952 3.5486311279835125 2.0177102365648225 3.2883385653680683 2.401028799293324 2.3253526443434387 2.7746134477004953 2.008042173518883 
2.7875622160697384 2.284752014264696 3.427215628053952 3.5486311279835125 2.0177102365648225 3.2883385653680683 2.401028799293324 2.3253526443434387 2.7746134477004953 2.008042173518883 
2.7875622160697384 2.284752014264696 3.427215628053952 3.5486311279835125 2.0177102365648225 3.2883385653680683 2.401028799293324 2.3253526443434387 2.7746134477004953 2.008042173518883 
2.7875622160697384 2.284752014264696 3.427215628053952 3.5486311279835125 2.0177102365648225 3.2883385653680683 2.401028799293324 2.3253526443434387 2.7746134477004953 2.008042173518883 
2.7875622160697384 2.284752014264696 3.427215628053952 3.5486311279835125 2.0177102365648225 3.2883385653680683 2.401028799293324 2.3253526443434387 2.7746134477004953 2.008042173518883 
2.7875622160697384 2.284752014264696 3.427215628053952 3.5486311279835125 2.0177102365648225 3.2883385653680683 2.401028799293324 2.3253526443434387 2.7746134477004953 2.008042173518883 
2.7875622160697384 2.284752014264696 3.427215628053952 3.5486311279835125 2.0177102365648225 3.2883385653680683 2.401028799293324 2.3253526443434387 2.7746134477004953 2.4647668838180947 
2.7875622160697384 2.284752014264696 3.427215628053952 3.5486311279835125 2.0177102365648225 3.2883385653680683 2.401028799293324 2.3253526443434387 2.7746134477004953 2.4647668838180947 
2.7875622160697384 2.284752014264696 3.427215628053952 3.5486311279835125 2.0177102365648225 3.2883385653680683 2.401028799293324 2.3253526443434387 2.7746134477004953 2.4647668838180947 
2.7875622160697384 2.284752014264696 3.427215628053952 3.5486311279835125 2.0177102365648225 3.2883385653680683 2.401028799293324 2.3253526443434387 2.7746134477004953 2.4647668838180947 
2.7875622160697384 2.284752014264696 3.427215628053952 3.5486311279835125 2.0177102365648225 3.2883385653680683 2.401028799293324 2.3253526443434387 2.7746134477004953 2.4647668838180947 
2.7875622160697384 2.284752014264696 3.427215628053952 3.5486311279835125 2.0177102365648225 3.2883385653680683 2.401028799293324 2.3253526443434387 2.7746134477004953 2.4647668838180947 
2.7875622160697384 2.284752014264696 3.427215628053952 3.5486311279835125 2.0177102365648225 3.2883385653680683 2.401028799293324 2.3253526443434387 2.7746134477004953 2.4647668838180947 
2.7875622160697384 2.284752014264696 3.427215628053952 3.5486311279835125 2.0177102365648225 3.2883385653680683 2.401028799293324 2.3253526443434387 2.7746134477004953 2.4647668838180947 
2.7875622160697384 2.284752014264696 3.427215628053952 3.5486311279835125 2.0177102365648225 3.2883385653680683 2.401028799293324 2.3253526443434387 2.7746134477004953 2.4647668838180947 
2.7875622160697384 2.284752014264696 3.427215628053952 3.5486311279835125 2.0177102365648225 3.2883385653680683 2.401028799293324 2.3253526443434387 2.7746134477004953 2.4647668838180947 
2.7875622160697384 2.284752014264696 3.427215628053952 3.5486311279835125 2.0177102365648225 3.2883385653680683 2.401028799293324 2.3253526443434387 2.7746134477004953 2.4647668838180947 
2.7875622160697384 3.4138287093795574 3.427215628053952 3.5486311279835125 2.0177102365648225 3.2883385653680683 2.401028799293324 2.3253526443434387 2.7746134477004953 2.4647668838180947 
2.7875622160697384 3.4138287093795574 3.427215628053952 3.5486311279835125 4.250658960772299 3.2883385653680683 2.401028799293324 2.3253526443434387 2.7746134477004953 2.4647668838180947 
2.7875622160697384 3.4138287093795574 3.427215628053952 3.5486311279835125 4.250658960772299 3.2883385653680683 2.401028799293324 2.3253526443434387 2.7746134477004953 2.4647668838180947 
2.7875622160697384 3.4138287093795574 3.427215628053952 3.5486311279835125 4.250658960772299 3.2883385653680683 2.401028799293324 2.3253526443434387 2.7746134477004953 2.4647668838180947 
2.7875622160697384 3.4138287093795574 3.427215628053952 3.5486311279835125 4.250658960772299 3.2883385653680683 2.401028799293324 2.3253526443434387 2.7746134477004953 2.4647668838180947 
2.7875622160697384 3.4138287093795574 3.427215628053952 3.5486311279835125 4.250658960772299 3.2883385653680683 2.401028799293324 2.5978860970955044 2.7746134477004953 2.4647668838180947 
2.7875622160697384 3.4138287093795574 3.427215628053952 3.5486311279835125 4.250658960772299 3.2883385653680683 2.401028799293324 2.5978860970955044 2.7746134477004953 2.4647668838180947 
2.7875622160697384 3.4138287093795574 3.427215628053952 3.5486311279835125 4.250658960772299 3.2883385653680683 2.401028799293324 2.5978860970955044 2.7746134477004953 2.4647668838180947 
2.7875622160697384 3.4138287093795574 3.427215628053952 3.5486311279835125 4.250658960772299 3.2883385653680683 2.401028799293324 2.5978860970955044 2.7746134477004953 2.4647668838180947 
2.7875622160697384 3.4138287093795574 3.427215628053952 3.5486311279835125 4.250658960772299 3.2883385653680683 2.401028799293324 2.5978860970955044 2.7746134477004953 2.4647668838180947 
2.7875622160697384 3.4138287093795574 3.427215628053952 3.5486311279835125 4.250658960772299 3.2883385653680683 2.401028799293324 2.5978860970955044 2.7746134477004953 2.4647668838180947 
2.7875622160697384 3.4138287093795574 3.427215628053952 3.5486311279835125 4.250658960772299 3.2883385653680683 2.401028799293324 2.5978860970955044 2.7746134477004953 2.4647668838180947 
2.7875622160697384 3.4138287093795574 3.427215628053952 3.5486311279835125 4.250658960772299 3.2883385653680683 2.401028799293324 2.5978860970955044 2.7746134477004953 2.4647668838180947 
2.7875622160697384 3.4138287093795574 3.427215628053952 3.5486311279835125 4.250658960772299 3.2883385653680683 2.401028799293324 2.5978860970955044 2.7746134477004953 2.4647668838180947 
2.7875622160697384 3.4138287093795574 3.427215628053952 3.5486311279835125 4.250658960772299 3.2883385653680683 2.401028799293324 2.5978860970955044 2.7746134477004953 2.4647668838180947 
2.7875622160697384 3.4138287093795574 3.427215628053952 3.5486311279835125 4.250658960772299 3.2883385653680683 2.401028799293324 2.5978860970955044 2.7746134477004953 2.4647668838180947 
2.7875622160697384 3.4138287093795574 3.427215628053952 3.5486311279835125 4.250658960772299 3.2883385653680683 2.401028799293324 2.5978860970955044 2.7746134477004953 2.4647668838180947 
2.7875622160697384 3.4138287093795574 3.427215628053952 3.5486311279835125 4.250658960772299 3.2883385653680683 2.401028799293324 2.5978860970955044 2.7746134477004953 2.4647668838180947 
2.7875622160697384 3.4138287093795574 3.427215628053952 3.5486311279835125 4.250658960772299 3.2883385653680683 2.401028799293324 2.5978860970955044 2.7746134477004953 2.4647668838180947 
2.7875622160697384 3.4138287093795574 3.427215628053952 3.5486311279835125 4.250658960772299 3.2883385653680683 2.401028799293324 2.5978860970955044 2.7746134477004953 2.4647668838180947 
2.7875622160697384 3.4138287093795574 3.427215628053952 3.5486311279835125 4.250658960772299 3.2883385653680683 2.401028799293324 2.5978860970955044 2.7746134477004953 2.4647668838180947 
2.7875622160697384 3.4138287093795574 3.427215628053952 3.5486311279835125 4.250658960772299 3.2883385653680683 2.401028799293324 2.5978860970955044 2.7746134477004953 2.4647668838180947 
2.7875622160697384 3.4138287093795574 3.427215628053952 3.5486311279835125 4.250658960772299 3.2883385653680683 2.401028799293324 2.5978860970955044 2.7746134477004953 2.4647668838180947 
2.7875622160697384 3.4138287093795574 3.427215628053952 3.5486311279835125 4.250658960772299 3.2883385653680683 2.401028799293324 2.5978860970955044 2.7746134477004953 2.4647668838180947 
2.7875622160697384 3.4138287093795574 3.427215628053952 3.5486311279835125 4.250658960772299 3.2883385653680683 2.401028799293324 2.5978860970955044 2.7746134477004953 2.4647668838180947 
2.7875622160697384 3.4138287093795574 3.427215628053952 3.5486311279835125 4.250658960772299 3.2883385653680683 2.401028799293324 2.5978860970955044 2.7746134477004953 2.4647668838180947 
2.7875622160697384 3.4138287093795574 3.427215628053952 3.5486311279835125 4.250658960772299 3.2883385653680683 2.401028799293324 2.5978860970955044 2.7746134477004953 2.4647668838180947 
2.7875622160697384 3.4138287093795574 3.427215628053952 3.5486311279835125 4.250658960772299 3.2883385653680683 2.401028799293324 2.5978860970955044 2.7746134477004953 2.4647668838180947 
2.7875622160697384 3.4138287093795574 3.427215628053952 3.5486311279835125 4.250658960772299 3.2883385653680683 2.401028799293324 2.5978860970955044 2.7746134477004953 2.4647668838180947 
2.7875622160697384 3.4138287093795574 3.427215628053952 3.5486311279835125 4.250658960772299 3.2883385653680683 2.401028799293324 2.5978860970955044 2.7746134477004953 2.4647668838180947 
2.7875622160697384 3.4138287093795574 3.427215628053952 3.5486311279835125 4.250658960772299 3.2883385653680683 2.401028799293324 2.5978860970955044 2.7746134477004953 2.4647668838180947 
2.7875622160697384 3.4138287093795574 3.427215628053952 3.5486311279835125 4.250658960772299 3.2883385653680683 2.401028799293324 2.5978860970955044 2.7746134477004953 2.4647668838180947 
2.7875622160697384 3.4138287093795574 3.427215628053952 3.5486311279835125 4.250658960772299 3.2883385653680683 2.401028799293324 2.5978860970955044 2.7746134477004953 2.4647668838180947 
2.7875622160697384 3.4138287093795574 3.427215628053952 3.5486311279835125 4.250658960772299 3.2883385653680683 2.401028799293324 2.5978860970955044 2.7746134477004953 2.4647668838180947 
2.7875622160697384 3.4138287093795574 3.427215628053952 3.5486311279835125 4.250658960772299 3.2883385653680683 2.401028799293324 2.5978860970955044 2.7746134477004953 2.4647668838180947 
2.7875622160697384 3.4138287093795574 3.427215628053952 3.5486311279835125 4.250658960772299 3.2883385653680683 2.401028799293324 2.5978860970955044 2.7746134477004953 2.4647668838180947 
2.7875622160697384 3.4138287093795574 3.427215628053952 3.5486311279835125 4.250658960772299 3.2883385653680683 2.401028799293324 2.5978860970955044 2.7746134477004953 2.4647668838180947 
2.7875622160697384 3.4138287093795574 3.427215628053952 3.5486311279835125 4.250658960772299 3.2883385653680683 2.401028799293324 2.5978860970955044 2.7746134477004953 2.4647668838180947 
2.7875622160697384 3.4138287093795574 3.427215628053952 3.5486311279835125 4.250658960772299 3.2883385653680683 2.401028799293324 2.5978860970955044 2.7746134477004953 2.4647668838180947 
2.7875622160697384 3.4138287093795574 3.427215628053952 3.5486311279835125 4.250658960772299 3.2883385653680683 2.401028799293324 2.5978860970955044 2.7746134477004953 2.4647668838180947 
2.7875622160697384 3.4138287093795574 3.427215628053952 3.5486311279835125 4.250658960772299 3.2883385653680683 2.401028799293324 2.5978860970955044 2.7746134477004953 2.4647668838180947 
2.7875622160697384 3.4138287093795574 3.427215628053952 3.5486311279835125 4.250658960772299 3.2883385653680683 2.401028799293324 2.5978860970955044 2.7746134477004953 2.4647668838180947 
2.7875622160697384 3.4138287093795574 3.427215628053952 3.5486311279835125 4.250658960772299 3.2883385653680683 2.401028799293324 2.5978860970955044 2.7746134477004953 2.4647668838180947 
2.7875622160697384 3.4138287093795574 3.427215628053952 3.5486311279835125 4.250658960772299 3.2883385653680683 2.401028799293324 2.5978860970955044 2.7746134477004953 2.4647668838180947 
2.7875622160697384 3.4138287093795574 3.427215628053952 3.5486311279835125 4.250658960772299 3.2883385653680683 2.401028799293324 2.5978860970955044 2.7746134477004953 2.4647668838180947 
2.7875622160697384 3.4138287093795574 3.427215628053952 3.5486311279835125 4.250658960772299 3.2883385653680683 2.401028799293324 2.5978860970955044 2.7746134477004953 2.4647668838180947 
2.7875622160697384 3.4138287093795574 3.427215628053952 3.5486311279835125 4.250658960772299 3.2883385653680683 2.401028799293324 2.5978860970955044 2.7746134477004953 2.4647668838180947 
2.7875622160697384 3.4138287093795574 3.427215628053952 3.5486311279835125 4.250658960772299 3.2883385653680683 2.401028799293324 2.5978860970955044 2.7746134477004953 2.4647668838180947 
2.7875622160697384 3.4138287093795574 3.427215628053952 3.5486311279835125 4.250658960772299 3.2883385653680683 2.401028799293324 2.5978860970955044 2.7746134477004953 2.4647668838180947 
2.7875622160697384 3.4138287093795574 3.427215628053952 3.5486311279835125 4.250658960772299 3.2883385653680683 2.401028799293324 2.5978860970955044 2.7746134477004953 2.4647668838180947 
2.7875622160697384 3.4138287093795574 3.427215628053952 3.5486311279835125 4.250658960772299 3.2883385653680683 2.401028799293324 2.5978860970955044 2.7746134477004953 2.4647668838180947 
2.7875622160697384 3.4138287093795574 3.427215628053952 3.5486311279835125 4.250658960772299 3.2883385653680683 2.401028799293324 2.5978860970955044 2.7746134477004953 2.4647668838180947 
2.7875622160697384 3.4138287093795574 3.427215628053952 3.5486311279835125 4.250658960772299 3.2883385653680683 2.401028799293324 2.5978860970955044 2.7746134477004953 2.4647668838180947 
2.7875622160697384 3.4138287093795574 3.427215628053952 3.5486311279835125 4.250658960772299 3.2883385653680683 2.401028799293324 2.5978860970955044 2.7746134477004953 2.4647668838180947 
2.7875622160697384 3.4138287093795574 3.427215628053952 3.5486311279835125 4.250658960772299 3.2883385653680683 2.401028799293324 2.5978860970955044 2.7746134477004953 2.4647668838180947 
2.7875622160697384 3.4138287093795574 3.427215628053952 3.5486311279835125 4.250658960772299 3.2883385653680683 2.401028799293324 2.5978860970955044 2.7746134477004953 2.4647668838180947 
2.7875622160697384 3.4138287093795574 3.427215628053952 3.5486311279835125 4.250658960772299 3.2883385653680683 2.401028799293324 2.5978860970955044 2.7746134477004953 2.4647668838180947 
2.7875622160697384 3.4138287093795574 3.427215628053952 3.5486311279835125 4.250658960772299 3.2883385653680683 2.401028799293324 2.5978860970955044 2.7746134477004953 2.4647668838180947 
2.7875622160697384 3.4138287093795574 3.427215628053952 3.5486311279835125 4.250658960772299 3.2883385653680683 2.401028799293324 2.5978860970955044 2.7746134477004953 2.4647668838180947 
2.7875622160697384 3.4138287093795574 3.427215628053952 3.5486311279835125 4.250658960772299 3.2883385653680683 2.401028799293324 2.5978860970955044 2.7746134477004953 2.4647668838180947 
2.7875622160697384 3.4138287093795574 3.427215628053952 3.5486311279835125 4.250658960772299 3.2883385653680683 2.401028799293324 2.5978860970955044 2.7746134477004953 2.4647668838180947 
2.7875622160697384 3.4138287093795574 3.427215628053952 3.5486311279835125 4.250658960772299 3.2883385653680683 2.401028799293324 2.5978860970955044 2.7746134477004953 2.4647668838180947 
2.7875622160697384 3.4138287093795574 3.427215628053952 3.5486311279835125 4.250658960772299 3.2883385653680683 2.401028799293324 2.5978860970955044 2.7746134477004953 2.4647668838180947 
2.7875622160697384 3.4138287093795574 3.427215628053952 3.5486311279835125 4.250658960772299 3.2883385653680683 2.401028799293324 2.5978860970955044 2.7746134477004953 2.4647668838180947 
2.7875622160697384 3.4138287093795574 3.427215628053952 3.5486311279835125 4.250658960772299 3.2883385653680683 2.401028799293324 2.9217917300619787 2.7746134477004953 2.4647668838180947 
2.7875622160697384 3.4138287093795574 3.427215628053952 3.5486311279835125 4.250658960772299 3.2883385653680683 2.401028799293324 2.9217917300619787 2.7746134477004953 2.4647668838180947 
2.7875622160697384 3.4138287093795574 3.427215628053952 3.5486311279835125 4.250658960772299 3.2883385653680683 2.401028799293324 2.9217917300619787 2.7746134477004953 2.4647668838180947 
2.7875622160697384 3.4138287093795574 3.427215628053952 3.5486311279835125 4.250658960772299 3.2883385653680683 2.401028799293324 2.9217917300619787 2.7746134477004953 2.4647668838180947 
2.7875622160697384 3.4138287093795574 3.427215628053952 3.5486311279835125 4.250658960772299 3.2883385653680683 2.401028799293324 2.9217917300619787 2.7746134477004953 2.4647668838180947 
2.7875622160697384 3.4138287093795574 3.427215628053952 3.5486311279835125 4.250658960772299 3.2883385653680683 2.401028799293324 2.9217917300619787 2.7746134477004953 2.4647668838180947 
2.7875622160697384 3.4138287093795574 3.427215628053952 3.5486311279835125 4.250658960772299 3.2883385653680683 2.401028799293324 2.9217917300619787 2.7746134477004953 2.4647668838180947 
2.7875622160697384 3.4138287093795574 3.427215628053952 3.5486311279835125 4.250658960772299 3.2883385653680683 2.401028799293324 2.9217917300619787 2.7746134477004953 2.4647668838180947 
2.7875622160697384 3.4138287093795574 3.427215628053952 3.5486311279835125 4.250658960772299 3.2883385653680683 2.401028799293324 2.9217917300619787 2.7746134477004953 2.4647668838180947 
2.7875622160697384 3.6489591880165357 3.427215628053952 3.5486311279835125 4.250658960772299 3.2883385653680683 2.401028799293324 2.9217917300619787 2.7746134477004953 2.4647668838180947 
2.7875622160697384 3.6489591880165357 3.427215628053952 3.5486311279835125 4.250658960772299 3.2883385653680683 2.401028799293324 2.9217917300619787 2.7746134477004953 2.4647668838180947 
2.7875622160697384 3.6489591880165357 3.427215628053952 3.5486311279835125 4.250658960772299 3.2883385653680683 2.401028799293324 2.9217917300619787 2.7746134477004953 2.4647668838180947 
2.7875622160697384 3.6489591880165357 3.427215628053952 3.5486311279835125 4.250658960772299 3.2883385653680683 2.401028799293324 2.9217917300619787 2.7746134477004953 2.4647668838180947 
2.7875622160697384 3.6489591880165357 3.427215628053952 3.5486311279835125 4.250658960772299 3.2883385653680683 2.401028799293324 2.9217917300619787 2.7746134477004953 2.4647668838180947 
2.7875622160697384 3.6489591880165357 3.427215628053952 3.5486311279835125 4.250658960772299 3.2883385653680683 2.401028799293324 2.9217917300619787 2.7746134477004953 2.4647668838180947 
2.7875622160697384 3.6489591880165357 3.427215628053952 3.5486311279835125 4.250658960772299 3.2883385653680683 2.401028799293324 2.9217917300619787 2.7746134477004953 2.4647668838180947 
2.7875622160697384 3.6489591880165357 3.427215628053952 3.5486311279835125 4.250658960772299 3.2883385653680683 2.401028799293324 2.9217917300619787 2.7746134477004953 2.4647668838180947 
2.7875622160697384 3.6489591880165357 3.427215628053952 3.5486311279835125 4.250658960772299 3.2883385653680683 2.401028799293324 2.9217917300619787 2.7746134477004953 2.4647668838180947 
2.7875622160697384 3.6489591880165357 3.427215628053952 3.5486311279835125 4.250658960772299 3.2883385653680683 2.401028799293324 2.9217917300619787 2.7746134477004953 2.4647668838180947 
2.7875622160697384 3.6489591880165357 3.427215628053952 3.5486311279835125 4.250658960772299 3.2883385653680683 2.401028799293324 2.9217917300619787 2.7746134477004953 2.4647668838180947 
2.7875622160697384 3.6489591880165357 3.427215628053952 3.5486311279835125 4.250658960772299 3.2883385653680683 2.401028799293324 2.9217917300619787 2.7746134477004953 2.4647668838180947 
2.7875622160697384 3.6489591880165357 3.427215628053952 3.5486311279835125 4.250658960772299 3.2883385653680683 2.401028799293324 2.9217917300619787 2.7746134477004953 2.4647668838180947 
2.7875622160697384 3.6489591880165357 3.427215628053952 3.5486311279835125 4.250658960772299 3.2883385653680683 2.401028799293324 2.9217917300619787 2.7746134477004953 2.4647668838180947 
2.7875622160697384 3.6489591880165357 3.427215628053952 3.5486311279835125 4.250658960772299 3.2883385653680683 2.401028799293324 2.9217917300619787 2.7746134477004953 2.4647668838180947 
2.7875622160697384 3.6489591880165357 3.427215628053952 3.5486311279835125 4.250658960772299 3.2883385653680683 2.401028799293324 2.9217917300619787 2.7746134477004953 2.4647668838180947 
2.7875622160697384 3.6489591880165357 3.427215628053952 3.5486311279835125 4.250658960772299 3.2883385653680683 2.401028799293324 2.9217917300619787 2.7746134477004953 2.4647668838180947 
2.7875622160697384 3.6489591880165357 3.427215628053952 3.5486311279835125 4.250658960772299 3.2883385653680683 2.401028799293324 2.9217917300619787 2.7746134477004953 2.4647668838180947 
2.7875622160697384 3.6489591880165357 3.427215628053952 3.5486311279835125 4.250658960772299 3.2883385653680683 2.401028799293324 2.9217917300619787 2.7746134477004953 2.4647668838180947 
2.7875622160697384 3.6489591880165357 3.427215628053952 3.5486311279835125 4.250658960772299 3.2883385653680683 2.401028799293324 2.9217917300619787 2.7746134477004953 2.4647668838180947 
2.7875622160697384 3.6489591880165357 3.427215628053952 3.5486311279835125 4.250658960772299 3.2883385653680683 2.401028799293324 2.9217917300619787 2.7746134477004953 2.4647668838180947 
2.7875622160697384 3.6489591880165357 3.427215628053952 3.5486311279835125 4.250658960772299 3.2883385653680683 2.401028799293324 2.9217917300619787 2.7746134477004953 2.4647668838180947 
2.7875622160697384 3.6489591880165357 3.427215628053952 3.5486311279835125 4.250658960772299 3.2883385653680683 2.401028799293324 2.9217917300619787 2.7746134477004953 2.4647668838180947 
2.7875622160697384 3.6489591880165357 3.427215628053952 3.5486311279835125 4.250658960772299 3.2883385653680683 2.401028799293324 2.9217917300619787 2.7746134477004953 2.4647668838180947 
2.7875622160697384 3.6489591880165357 3.427215628053952 3.5486311279835125 4.250658960772299 3.2883385653680683 2.401028799293324 2.9217917300619787 2.7746134477004953 2.4647668838180947 
2.7875622160697384 3.6489591880165357 3.427215628053952 3.5486311279835125 4.250658960772299 3.2883385653680683 2.401028799293324 2.9217917300619787 2.7746134477004953 2.4647668838180947 
2.7875622160697384 3.6489591880165357 3.427215628053952 3.5486311279835125 4.250658960772299 3.2883385653680683 2.401028799293324 2.9217917300619787 2.7746134477004953 2.4647668838180947 
2.7875622160697384 3.6489591880165357 3.427215628053952 3.5486311279835125 4.250658960772299 3.2883385653680683 2.401028799293324 2.9217917300619787 2.7746134477004953 2.4647668838180947 
2.7875622160697384 3.6489591880165357 3.427215628053952 3.5486311279835125 4.250658960772299 3.2883385653680683 2.401028799293324 2.9217917300619787 2.7746134477004953 2.4647668838180947 
2.7875622160697384 3.6489591880165357 3.427215628053952 3.5486311279835125 4.250658960772299 3.2883385653680683 2.401028799293324 2.9217917300619787 2.7746134477004953 2.4647668838180947 
2.7875622160697384 3.6489591880165357 3.427215628053952 3.5486311279835125 4.250658960772299 3.2883385653680683 2.401028799293324 2.9217917300619787 2.7746134477004953 2.4647668838180947 
2.7875622160697384 3.6489591880165357 3.427215628053952 3.5486311279835125 4.250658960772299 3.2883385653680683 2.401028799293324 2.9217917300619787 2.7746134477004953 2.4647668838180947 
2.7875622160697384 3.6489591880165357 3.427215628053952 3.5486311279835125 4.250658960772299 3.2883385653680683 2.401028799293324 2.9217917300619787 2.7746134477004953 2.4647668838180947 
2.7875622160697384 3.6489591880165357 3.427215628053952 3.5486311279835125 4.250658960772299 3.2883385653680683 2.401028799293324 2.9217917300619787 2.7746134477004953 2.4647668838180947 
2.7875622160697384 3.6489591880165357 3.427215628053952 3.5486311279835125 4.250658960772299 3.2883385653680683 2.401028799293324 2.9217917300619787 2.7746134477004953 2.4647668838180947 
2.7875622160697384 3.6489591880165357 3.427215628053952 3.5486311279835125 4.250658960772299 3.2883385653680683 2.401028799293324 2.9217917300619787 2.7746134477004953 2.4647668838180947 
2.7875622160697384 3.6489591880165357 3.427215628053952 3.5486311279835125 4.250658960772299 3.2883385653680683 2.401028799293324 2.9217917300619787 2.7746134477004953 2.4647668838180947 
2.7875622160697384 3.6489591880165357 3.427215628053952 3.5486311279835125 4.250658960772299 3.2883385653680683 2.401028799293324 2.9217917300619787 2.7746134477004953 2.4647668838180947 
2.7875622160697384 3.6489591880165357 3.427215628053952 3.5486311279835125 4.250658960772299 3.2883385653680683 2.401028799293324 2.9217917300619787 2.7746134477004953 2.4647668838180947 
2.7875622160697384 3.6489591880165357 3.427215628053952 3.5486311279835125 4.250658960772299 3.2883385653680683 2.401028799293324 2.9217917300619787 2.7746134477004953 2.4647668838180947 
2.7875622160697384 3.6489591880165357 3.427215628053952 3.5486311279835125 4.250658960772299 3.2883385653680683 2.401028799293324 2.9217917300619787 2.7746134477004953 2.4647668838180947 
2.7875622160697384 3.6489591880165357 3.427215628053952 3.5486311279835125 4.250658960772299 3.2883385653680683 2.401028799293324 2.9217917300619787 2.7746134477004953 2.4647668838180947 
2.7875622160697384 3.6489591880165357 3.427215628053952 3.5486311279835125 4.250658960772299 3.2883385653680683 2.401028799293324 2.9217917300619787 2.7746134477004953 2.4647668838180947 
2.7875622160697384 3.6489591880165357 3.427215628053952 3.5486311279835125 4.250658960772299 3.2883385653680683 2.401028799293324 2.9217917300619787 2.7746134477004953 2.4647668838180947 
2.7875622160697384 3.6489591880165357 3.427215628053952 3.5486311279835125 4.250658960772299 3.2883385653680683 2.401028799293324 2.9217917300619787 2.7746134477004953 2.4647668838180947 
2.7875622160697384 3.6489591880165357 3.427215628053952 3.5486311279835125 4.250658960772299 3.2883385653680683 2.401028799293324 2.9217917300619787 2.7746134477004953 2.4647668838180947 
2.7875622160697384 3.6489591880165357 3.427215628053952 3.5486311279835125 4.250658960772299 3.2883385653680683 2.401028799293324 2.9217917300619787 2.7746134477004953 2.4647668838180947 
2.7875622160697384 3.6489591880165357 3.427215628053952 3.5486311279835125 4.250658960772299 3.2883385653680683 2.401028799293324 2.9217917300619787 2.7746134477004953 2.4647668838180947 
2.7875622160697384 3.6489591880165357 3.427215628053952 3.5486311279835125 4.250658960772299 3.2883385653680683 2.401028799293324 2.9217917300619787 2.7746134477004953 2.4647668838180947 
2.7875622160697384 3.6489591880165357 3.427215628053952 3.5486311279835125 4.250658960772299 3.2883385653680683 2.401028799293324 2.9217917300619787 2.7746134477004953 2.4647668838180947 
2.7875622160697384 3.6489591880165357 3.427215628053952 3.5486311279835125 4.250658960772299 3.2883385653680683 2.401028799293324 2.9217917300619787 2.7746134477004953 2.4647668838180947 
2.7875622160697384 3.6489591880165357 3.427215628053952 3.5486311279835125 4.250658960772299 3.2883385653680683 2.401028799293324 2.9217917300619787 2.7746134477004953 2.4647668838180947 
2.7875622160697384 3.6489591880165357 3.427215628053952 3.5486311279835125 4.250658960772299 3.2883385653680683 2.401028799293324 2.9217917300619787 2.7746134477004953 2.4647668838180947 
2.7875622160697384 3.6489591880165357 3.427215628053952 3.5486311279835125 4.250658960772299 3.2883385653680683 2.401028799293324 2.9217917300619787 2.7746134477004953 2.4647668838180947 
2.7875622160697384 3.6489591880165357 3.427215628053952 3.5486311279835125 4.250658960772299 3.2883385653680683 2.401028799293324 2.9217917300619787 2.7746134477004953 2.4647668838180947 
2.7875622160697384 3.6489591880165357 3.427215628053952 3.5486311279835125 4.250658960772299 3.2883385653680683 2.401028799293324 2.9217917300619787 2.7746134477004953 2.4647668838180947 
2.7875622160697384 3.6489591880165357 3.427215628053952 3.5486311279835125 4.250658960772299 3.2883385653680683 2.401028799293324 2.9217917300619787 2.7746134477004953 2.4647668838180947 
2.7875622160697384 3.6489591880165357 3.427215628053952 3.5486311279835125 4.250658960772299 3.2883385653680683 2.401028799293324 2.9217917300619787 2.7746134477004953 2.4647668838180947 
2.7875622160697384 3.6489591880165357 3.427215628053952 3.5486311279835125 4.250658960772299 3.2883385653680683 2.401028799293324 2.9217917300619787 2.7746134477004953 2.4647668838180947 
2.7875622160697384 3.6489591880165357 3.427215628053952 3.5486311279835125 4.250658960772299 3.2883385653680683 2.401028799293324 2.9217917300619787 2.7746134477004953 2.4647668838180947 
2.7875622160697384 3.6489591880165357 3.427215628053952 3.5486311279835125 4.250658960772299 3.2883385653680683 2.401028799293324 2.9217917300619787 2.7746134477004953 2.4647668838180947 
2.7875622160697384 3.6489591880165357 3.427215628053952 3.5486311279835125 4.250658960772299 3.2883385653680683 2.401028799293324 2.9217917300619787 2.7746134477004953 2.4647668838180947 
2.7875622160697384 3.6489591880165357 3.427215628053952 3.5486311279835125 4.250658960772299 3.2883385653680683 2.401028799293324 2.9217917300619787 2.7746134477004953 2.4647668838180947 
2.7875622160697384 3.6489591880165357 3.427215628053952 3.5486311279835125 4.250658960772299 3.2883385653680683 2.401028799293324 2.9217917300619787 2.7746134477004953 2.4647668838180947 
2.7875622160697384 3.6489591880165357 3.427215628053952 3.5486311279835125 4.250658960772299 3.2883385653680683 2.401028799293324 2.9217917300619787 2.7746134477004953 2.4647668838180947 
2.7875622160697384 3.6489591880165357 3.427215628053952 3.5486311279835125 4.250658960772299 3.2883385653680683 2.401028799293324 2.9217917300619787 2.7746134477004953 2.4647668838180947 
2.7875622160697384 3.6489591880165357 3.427215628053952 3.5486311279835125 4.250658960772299 3.2883385653680683 2.401028799293324 2.9217917300619787 2.7746134477004953 2.4647668838180947 
2.7875622160697384 3.6489591880165357 3.427215628053952 3.5486311279835125 4.250658960772299 3.2883385653680683 2.401028799293324 2.9217917300619787 2.7746134477004953 2.4647668838180947 
2.7875622160697384 3.6489591880165357 3.427215628053952 3.5486311279835125 4.250658960772299 3.2883385653680683 2.401028799293324 2.9217917300619787 2.7746134477004953 2.4647668838180947 
2.7875622160697384 3.6489591880165357 3.427215628053952 3.5486311279835125 4.250658960772299 3.2883385653680683 2.401028799293324 2.9217917300619787 2.7746134477004953 2.4647668838180947 
2.7875622160697384 3.6489591880165357 3.427215628053952 3.5486311279835125 4.250658960772299 3.2883385653680683 2.401028799293324 2.9217917300619787 2.7746134477004953 2.4647668838180947 
2.7875622160697384 3.6489591880165357 3.427215628053952 3.5486311279835125 4.250658960772299 3.2883385653680683 2.401028799293324 2.9217917300619787 2.7746134477004953 2.4647668838180947 
2.7875622160697384 3.6489591880165357 3.427215628053952 3.5486311279835125 4.250658960772299 3.2883385653680683 2.401028799293324 2.9217917300619787 2.7746134477004953 2.4647668838180947 
2.7875622160697384 3.6489591880165357 3.427215628053952 3.5486311279835125 4.250658960772299 3.2883385653680683 2.401028799293324 2.9217917300619787 2.7746134477004953 2.4647668838180947 
2.7875622160697384 3.6489591880165357 3.427215628053952 3.5486311279835125 4.250658960772299 3.2883385653680683 2.401028799293324 2.9217917300619787 2.7746134477004953 2.4647668838180947 
2.7875622160697384 3.6489591880165357 3.427215628053952 3.5486311279835125 4.250658960772299 3.2883385653680683 2.401028799293324 2.9217917300619787 2.7746134477004953 2.4647668838180947 
2.7875622160697384 3.6489591880165357 3.427215628053952 3.5486311279835125 4.250658960772299 3.2883385653680683 2.401028799293324 2.9217917300619787 2.7746134477004953 2.4647668838180947 
2.7875622160697384 3.6489591880165357 3.427215628053952 3.5486311279835125 4.250658960772299 3.2883385653680683 2.401028799293324 2.9217917300619787 2.7746134477004953 2.4647668838180947 
2.7875622160697384 3.6489591880165357 3.427215628053952 3.5486311279835125 4.250658960772299 3.2883385653680683 2.401028799293324 2.9217917300619787 2.7746134477004953 2.4647668838180947 
2.7875622160697384 3.6489591880165357 3.427215628053952 3.5486311279835125 4.250658960772299 3.2883385653680683 2.401028799293324 2.9217917300619787 2.7746134477004953 2.4647668838180947 
2.7875622160697384 3.6489591880165357 3.427215628053952 3.5486311279835125 4.250658960772299 3.2883385653680683 2.401028799293324 2.9217917300619787 2.7746134477004953 2.4647668838180947 
2.7875622160697384 3.6489591880165357 3.427215628053952 3.5486311279835125 4.250658960772299 3.2883385653680683 2.401028799293324 2.9217917300619787 2.7746134477004953 2.4647668838180947 
2.7875622160697384 3.6489591880165357 3.427215628053952 3.5486311279835125 4.250658960772299 3.2883385653680683 2.401028799293324 2.9217917300619787 2.7746134477004953 2.4647668838180947 
2.7875622160697384 3.6489591880165357 3.427215628053952 3.5486311279835125 4.250658960772299 3.2883385653680683 2.401028799293324 2.9217917300619787 2.7746134477004953 2.4647668838180947 
2.7875622160697384 3.6489591880165357 3.427215628053952 3.5486311279835125 4.250658960772299 3.2883385653680683 2.401028799293324 2.9217917300619787 2.7746134477004953 2.4647668838180947 
2.7875622160697384 3.6489591880165357 3.427215628053952 3.5486311279835125 4.250658960772299 3.2883385653680683 2.401028799293324 2.9217917300619787 2.7746134477004953 2.4647668838180947 
2.7875622160697384 3.6489591880165357 3.427215628053952 3.5486311279835125 4.250658960772299 3.2883385653680683 2.401028799293324 2.9217917300619787 2.7746134477004953 2.4647668838180947 
2.7875622160697384 3.6489591880165357 3.427215628053952 3.5486311279835125 4.250658960772299 3.2883385653680683 2.401028799293324 2.9217917300619787 2.7746134477004953 2.4647668838180947 
2.7875622160697384 3.6489591880165357 3.427215628053952 3.5486311279835125 4.250658960772299 3.2883385653680683 2.401028799293324 2.9217917300619787 2.7746134477004953 2.4647668838180947 
2.7875622160697384 3.6489591880165357 3.427215628053952 3.5486311279835125 4.250658960772299 3.2883385653680683 2.401028799293324 2.9217917300619787 2.7746134477004953 2.4647668838180947 
2.7875622160697384 3.6489591880165357 3.427215628053952 3.5486311279835125 4.250658960772299 3.2883385653680683 2.401028799293324 2.9217917300619787 2.7746134477004953 2.4647668838180947 
2.7875622160697384 3.6489591880165357 3.427215628053952 3.5486311279835125 4.250658960772299 3.2883385653680683 2.401028799293324 2.9217917300619787 2.7746134477004953 2.4647668838180947 
2.7875622160697384 3.6489591880165357 3.427215628053952 3.5486311279835125 4.250658960772299 3.2883385653680683 2.401028799293324 2.9217917300619787 2.7746134477004953 2.4647668838180947 
2.7875622160697384 3.6489591880165357 3.427215628053952 3.5486311279835125 4.250658960772299 3.2883385653680683 2.401028799293324 2.9217917300619787 2.7746134477004953 2.4647668838180947 
2.7875622160697384 3.6489591880165357 3.427215628053952 3.5486311279835125 4.250658960772299 3.2883385653680683 2.401028799293324 2.9217917300619787 2.7746134477004953 2.4647668838180947 
2.7875622160697384 3.6489591880165357 3.427215628053952 3.5486311279835125 4.250658960772299 3.2883385653680683 2.401028799293324 2.9217917300619787 2.7746134477004953 2.4647668838180947 
2.7875622160697384 3.6489591880165357 3.427215628053952 3.5486311279835125 4.250658960772299 3.2883385653680683 2.401028799293324 2.9217917300619787 2.7746134477004953 2.4647668838180947 
2.7875622160697384 3.6489591880165357 3.427215628053952 3.5486311279835125 4.250658960772299 3.2883385653680683 2.401028799293324 2.9217917300619787 2.7746134477004953 2.4647668838180947 
2.7875622160697384 3.6489591880165357 3.427215628053952 3.5486311279835125 4.250658960772299 3.2883385653680683 2.401028799293324 2.9217917300619787 2.7746134477004953 2.795516671589919 
2.895079949439806 3.6489591880165357 3.427215628053952 3.5486311279835125 4.250658960772299 3.2883385653680683 2.401028799293324 2.9217917300619787 2.7746134477004953 2.795516671589919 
2.895079949439806 3.6489591880165357 3.427215628053952 3.5486311279835125 4.250658960772299 3.2883385653680683 2.401028799293324 2.9217917300619787 2.7746134477004953 2.795516671589919 
2.895079949439806 3.6489591880165357 3.427215628053952 3.5486311279835125 4.250658960772299 3.2883385653680683 2.401028799293324 2.9217917300619787 2.7746134477004953 2.795516671589919 
2.895079949439806 3.6489591880165357 3.427215628053952 3.5486311279835125 4.250658960772299 3.2883385653680683 2.401028799293324 2.9217917300619787 2.7746134477004953 2.795516671589919 
2.895079949439806 3.6489591880165357 3.427215628053952 3.5486311279835125 4.250658960772299 3.2883385653680683 2.401028799293324 2.9217917300619787 2.7746134477004953 2.795516671589919 
3.4651297578753586 3.6489591880165357 3.427215628053952 3.5486311279835125 4.250658960772299 3.2883385653680683 2.401028799293324 2.9217917300619787 2.7746134477004953 2.795516671589919 
3.4651297578753586 3.6489591880165357 3.427215628053952 3.5486311279835125 4.250658960772299 3.2883385653680683 2.401028799293324 2.9217917300619787 2.7746134477004953 2.795516671589919 
3.4651297578753586 3.6489591880165357 3.427215628053952 3.5486311279835125 4.250658960772299 3.2883385653680683 2.401028799293324 2.9217917300619787 2.7746134477004953 2.795516671589919 
3.4651297578753586 3.6489591880165357 3.427215628053952 3.5486311279835125 4.250658960772299 3.2883385653680683 2.401028799293324 2.9217917300619787 2.7746134477004953 2.795516671589919 
3.4651297578753586 3.6489591880165357 4.543473461243311 3.5486311279835125 4.250658960772299 3.2883385653680683 2.401028799293324 2.9217917300619787 2.7746134477004953 2.795516671589919 
3.4651297578753586 3.6489591880165357 4.543473461243311 3.5486311279835125 4.250658960772299 3.2883385653680683 2.401028799293324 2.9217917300619787 2.7746134477004953 2.795516671589919 
3.4651297578753586 3.6489591880165357 4.543473461243311 3.5486311279835125 4.250658960772299 3.2883385653680683 2.401028799293324 2.9217917300619787 2.7746134477004953 2.795516671589919 
3.4651297578753586 3.6489591880165357 4.543473461243311 3.5486311279835125 4.250658960772299 3.2883385653680683 2.401028799293324 2.9217917300619787 2.7746134477004953 2.795516671589919 
3.4651297578753586 3.6489591880165357 4.543473461243311 3.5486311279835125 4.250658960772299 3.2883385653680683 2.401028799293324 2.9217917300619787 2.7746134477004953 2.795516671589919 
3.4651297578753586 3.6489591880165357 4.543473461243311 3.5486311279835125 4.250658960772299 3.2883385653680683 2.401028799293324 2.9217917300619787 2.7746134477004953 2.795516671589919 
3.4651297578753586 3.6489591880165357 4.543473461243311 3.5486311279835125 4.250658960772299 3.2883385653680683 2.401028799293324 2.9217917300619787 2.7746134477004953 2.795516671589919 
3.4651297578753586 3.6489591880165357 4.543473461243311 3.5486311279835125 4.250658960772299 3.2883385653680683 2.401028799293324 2.9217917300619787 2.7746134477004953 2.795516671589919 
3.4651297578753586 3.6489591880165357 4.543473461243311 3.5486311279835125 4.250658960772299 3.2883385653680683 2.401028799293324 2.9217917300619787 2.7746134477004953 2.795516671589919 
3.4651297578753586 3.6489591880165357 4.543473461243311 3.5486311279835125 4.250658960772299 3.2883385653680683 2.401028799293324 2.9217917300619787 2.7746134477004953 2.795516671589919 
3.4651297578753586 3.6489591880165357 4.543473461243311 3.5486311279835125 4.250658960772299 3.2883385653680683 2.401028799293324 2.9217917300619787 2.7746134477004953 2.795516671589919 
3.4651297578753586 3.6489591880165357 4.543473461243311 3.5486311279835125 4.250658960772299 3.2883385653680683 2.401028799293324 2.9217917300619787 2.7746134477004953 2.795516671589919 
3.4651297578753586 3.6489591880165357 4.543473461243311 3.5486311279835125 4.250658960772299 3.2883385653680683 2.401028799293324 2.9217917300619787 2.7746134477004953 2.795516671589919 
3.4651297578753586 3.6489591880165357 4.543473461243311 3.5486311279835125 4.250658960772299 3.2883385653680683 2.401028799293324 2.9217917300619787 2.7746134477004953 2.795516671589919 
3.4651297578753586 3.6489591880165357 4.543473461243311 3.5486311279835125 4.250658960772299 3.2883385653680683 2.401028799293324 2.9217917300619787 2.7746134477004953 2.795516671589919 
3.4651297578753586 3.6489591880165357 4.543473461243311 3.5486311279835125 4.250658960772299 3.2883385653680683 2.401028799293324 2.9217917300619787 2.7746134477004953 2.795516671589919 
3.4651297578753586 3.6489591880165357 4.543473461243311 3.5486311279835125 4.250658960772299 3.2883385653680683 2.401028799293324 2.9217917300619787 2.7746134477004953 2.795516671589919 
3.4651297578753586 3.6489591880165357 4.543473461243311 3.5486311279835125 4.250658960772299 3.2883385653680683 2.401028799293324 2.9217917300619787 2.7746134477004953 2.795516671589919 
3.4651297578753586 3.6489591880165357 4.543473461243311 3.5486311279835125 4.250658960772299 3.2883385653680683 2.401028799293324 2.9217917300619787 2.7746134477004953 2.795516671589919 
3.4651297578753586 3.6489591880165357 4.543473461243311 3.5486311279835125 4.250658960772299 3.2883385653680683 2.401028799293324 2.9217917300619787 2.7746134477004953 2.795516671589919 
3.4651297578753586 3.6489591880165357 4.543473461243311 3.5486311279835125 4.250658960772299 3.2883385653680683 2.401028799293324 2.9217917300619787 2.7746134477004953 2.795516671589919 
3.4651297578753586 3.6489591880165357 4.543473461243311 3.5486311279835125 4.250658960772299 3.2883385653680683 2.401028799293324 2.9217917300619787 2.7746134477004953 2.795516671589919 
3.4651297578753586 3.6489591880165357 4.543473461243311 3.5486311279835125 4.250658960772299 3.2883385653680683 2.401028799293324 2.9217917300619787 2.7746134477004953 2.795516671589919 
3.4651297578753586 3.6489591880165357 4.543473461243311 3.5486311279835125 4.250658960772299 3.2883385653680683 2.401028799293324 2.9217917300619787 2.7746134477004953 2.795516671589919 
3.4651297578753586 3.6489591880165357 4.543473461243311 3.5486311279835125 4.250658960772299 3.2883385653680683 2.401028799293324 2.9217917300619787 2.7746134477004953 2.795516671589919 
3.4651297578753586 3.6489591880165357 4.543473461243311 3.5486311279835125 4.250658960772299 3.2883385653680683 2.401028799293324 2.9217917300619787 2.7746134477004953 2.795516671589919 
3.4651297578753586 3.6489591880165357 4.543473461243311 3.5486311279835125 4.250658960772299 3.2883385653680683 2.401028799293324 2.9217917300619787 2.7746134477004953 2.795516671589919 
3.4651297578753586 3.6489591880165357 4.543473461243311 3.5486311279835125 4.250658960772299 3.2883385653680683 2.401028799293324 2.9217917300619787 2.7746134477004953 2.795516671589919 
3.4651297578753586 3.6489591880165357 4.543473461243311 3.5486311279835125 4.250658960772299 3.2883385653680683 2.401028799293324 2.9217917300619787 2.7746134477004953 2.795516671589919 
3.4651297578753586 3.6489591880165357 4.543473461243311 3.5486311279835125 4.250658960772299 3.2883385653680683 2.401028799293324 2.9217917300619787 2.7746134477004953 2.795516671589919 
3.4651297578753586 3.6489591880165357 4.543473461243311 3.5486311279835125 4.250658960772299 3.2883385653680683 2.401028799293324 2.9217917300619787 2.7746134477004953 2.795516671589919 
3.4651297578753586 3.6489591880165357 4.543473461243311 3.5486311279835125 4.250658960772299 3.2883385653680683 2.401028799293324 2.9217917300619787 2.7746134477004953 2.795516671589919 
3.4651297578753586 3.6489591880165357 4.543473461243311 3.5486311279835125 4.250658960772299 3.2883385653680683 2.401028799293324 2.9217917300619787 2.7746134477004953 2.795516671589919 
3.4651297578753586 3.6489591880165357 4.543473461243311 3.5486311279835125 4.250658960772299 3.2883385653680683 2.401028799293324 2.9217917300619787 2.7746134477004953 3.279375932108848 
3.4651297578753586 3.6489591880165357 4.543473461243311 3.5486311279835125 4.250658960772299 3.2883385653680683 2.401028799293324 2.9217917300619787 2.7746134477004953 3.279375932108848 
3.4651297578753586 3.6489591880165357 4.543473461243311 3.5486311279835125 4.250658960772299 3.2883385653680683 2.401028799293324 2.9217917300619787 2.7746134477004953 3.279375932108848 
3.4651297578753586 3.6489591880165357 4.543473461243311 3.5486311279835125 4.250658960772299 3.2883385653680683 2.401028799293324 2.9217917300619787 2.7746134477004953 3.279375932108848 
3.4651297578753586 3.6489591880165357 4.543473461243311 3.5486311279835125 4.250658960772299 3.2883385653680683 2.401028799293324 2.9217917300619787 2.7746134477004953 3.279375932108848 
3.4651297578753586 3.6489591880165357 4.543473461243311 3.5486311279835125 4.250658960772299 3.2883385653680683 2.401028799293324 2.9217917300619787 2.7746134477004953 3.279375932108848 
3.4651297578753586 3.6489591880165357 4.543473461243311 3.5486311279835125 4.250658960772299 3.2883385653680683 2.401028799293324 2.9217917300619787 2.7746134477004953 3.279375932108848 
3.4651297578753586 3.6489591880165357 4.543473461243311 3.5486311279835125 4.250658960772299 3.2883385653680683 2.401028799293324 2.9217917300619787 2.7746134477004953 3.279375932108848 
3.4651297578753586 3.6489591880165357 4.543473461243311 3.5486311279835125 4.250658960772299 3.2883385653680683 2.401028799293324 2.9217917300619787 2.7746134477004953 3.279375932108848 
3.4651297578753586 3.6489591880165357 4.543473461243311 3.5486311279835125 4.250658960772299 3.2883385653680683 2.401028799293324 2.9217917300619787 2.7746134477004953 3.279375932108848 
3.4651297578753586 3.6489591880165357 4.543473461243311 3.5486311279835125 4.250658960772299 3.2883385653680683 2.401028799293324 2.9217917300619787 2.7746134477004953 3.279375932108848 
3.4651297578753586 3.6489591880165357 4.543473461243311 3.5486311279835125 4.250658960772299 3.2883385653680683 2.401028799293324 2.9217917300619787 2.7746134477004953 3.279375932108848 
3.4651297578753586 3.6489591880165357 4.543473461243311 3.5486311279835125 4.250658960772299 3.2883385653680683 2.401028799293324 2.9217917300619787 2.7746134477004953 3.279375932108848 
3.4651297578753586 3.6489591880165357 4.543473461243311 3.5486311279835125 4.250658960772299 3.2883385653680683 2.401028799293324 2.9217917300619787 2.7746134477004953 3.279375932108848 
3.4651297578753586 3.6489591880165357 4.543473461243311 3.5486311279835125 4.250658960772299 3.2883385653680683 2.401028799293324 2.9217917300619787 2.7746134477004953 3.279375932108848 
3.4651297578753586 3.6489591880165357 4.543473461243311 3.5486311279835125 4.250658960772299 3.2883385653680683 2.401028799293324 2.9217917300619787 2.7746134477004953 3.279375932108848 
3.4651297578753586 3.6489591880165357 4.543473461243311 3.5486311279835125 4.250658960772299 3.2883385653680683 2.401028799293324 2.9217917300619787 2.7746134477004953 3.279375932108848 
3.4651297578753586 3.6489591880165357 4.543473461243311 3.5486311279835125 4.250658960772299 3.2883385653680683 2.401028799293324 2.9217917300619787 2.7746134477004953 3.279375932108848 
3.4651297578753586 3.6489591880165357 4.543473461243311 3.5486311279835125 4.250658960772299 3.2883385653680683 2.401028799293324 2.9217917300619787 2.7746134477004953 3.279375932108848 
3.4651297578753586 3.6489591880165357 4.543473461243311 3.5486311279835125 4.250658960772299 3.2883385653680683 2.401028799293324 2.9217917300619787 2.7746134477004953 3.279375932108848 
3.4651297578753586 3.6489591880165357 4.543473461243311 3.5486311279835125 4.250658960772299 3.2883385653680683 2.401028799293324 2.9217917300619787 2.7746134477004953 3.279375932108848 
3.4651297578753586 3.6489591880165357 4.543473461243311 3.5486311279835125 4.250658960772299 3.2883385653680683 2.401028799293324 2.9217917300619787 2.7746134477004953 3.279375932108848 
3.4651297578753586 3.6489591880165357 4.543473461243311 3.5486311279835125 4.250658960772299 3.2883385653680683 2.401028799293324 2.9217917300619787 2.7746134477004953 3.279375932108848 
3.4651297578753586 3.6489591880165357 4.543473461243311 3.5486311279835125 4.250658960772299 3.2883385653680683 2.401028799293324 2.9217917300619787 2.7746134477004953 3.279375932108848 
3.4651297578753586 3.6489591880165357 4.543473461243311 3.5486311279835125 4.250658960772299 3.2883385653680683 2.401028799293324 2.9217917300619787 2.7746134477004953 3.279375932108848 
3.4651297578753586 3.6489591880165357 4.543473461243311 3.5486311279835125 4.250658960772299 3.2883385653680683 2.401028799293324 2.9217917300619787 2.7746134477004953 3.279375932108848 
3.4651297578753586 3.6489591880165357 4.543473461243311 3.5486311279835125 4.250658960772299 3.2883385653680683 2.401028799293324 2.9217917300619787 2.7746134477004953 3.279375932108848 
3.4651297578753586 3.6489591880165357 4.543473461243311 3.5486311279835125 4.250658960772299 3.2883385653680683 2.401028799293324 2.9217917300619787 2.7746134477004953 3.279375932108848 
3.4651297578753586 3.6489591880165357 4.543473461243311 3.5486311279835125 4.250658960772299 3.2883385653680683 2.401028799293324 2.9217917300619787 2.7746134477004953 3.279375932108848 
3.4651297578753586 3.6489591880165357 4.543473461243311 3.5486311279835125 4.250658960772299 3.2883385653680683 2.401028799293324 2.9217917300619787 2.7746134477004953 3.279375932108848 
3.4651297578753586 3.6489591880165357 4.543473461243311 3.5486311279835125 4.250658960772299 3.2883385653680683 2.401028799293324 2.9217917300619787 2.7746134477004953 3.279375932108848 
3.4651297578753586 3.6489591880165357 4.543473461243311 3.5486311279835125 4.250658960772299 3.2883385653680683 2.401028799293324 2.9217917300619787 2.7746134477004953 3.279375932108848 
3.4651297578753586 3.6489591880165357 4.543473461243311 3.5486311279835125 4.250658960772299 3.2883385653680683 2.401028799293324 2.9217917300619787 2.7746134477004953 3.279375932108848 
3.4651297578753586 3.6489591880165357 4.543473461243311 3.5486311279835125 4.250658960772299 3.2883385653680683 2.401028799293324 2.9217917300619787 2.7746134477004953 3.279375932108848 
3.4651297578753586 3.6489591880165357 4.543473461243311 3.5486311279835125 4.250658960772299 3.2883385653680683 2.401028799293324 2.9217917300619787 2.7746134477004953 3.279375932108848 
3.4651297578753586 3.6489591880165357 4.543473461243311 3.5486311279835125 4.250658960772299 3.2883385653680683 2.401028799293324 2.9217917300619787 2.7746134477004953 3.279375932108848 
3.4651297578753586 3.6489591880165357 4.543473461243311 3.5486311279835125 4.250658960772299 3.2883385653680683 2.401028799293324 2.9217917300619787 2.7746134477004953 3.279375932108848 
3.4651297578753586 3.6489591880165357 4.543473461243311 3.5486311279835125 4.250658960772299 3.2883385653680683 2.401028799293324 2.9217917300619787 2.7746134477004953 3.279375932108848 
3.4651297578753586 3.6489591880165357 4.543473461243311 3.5486311279835125 4.250658960772299 3.2883385653680683 2.401028799293324 2.9217917300619787 2.7746134477004953 3.279375932108848 
3.4651297578753586 3.6489591880165357 4.543473461243311 3.5486311279835125 4.250658960772299 3.2883385653680683 2.401028799293324 2.9217917300619787 2.7746134477004953 3.279375932108848 
3.4651297578753586 3.6489591880165357 4.543473461243311 3.5486311279835125 4.250658960772299 3.2883385653680683 2.401028799293324 2.9217917300619787 2.7746134477004953 3.279375932108848 
3.4651297578753586 3.6489591880165357 4.543473461243311 3.5486311279835125 4.250658960772299 3.2883385653680683 2.401028799293324 2.9217917300619787 2.7746134477004953 3.279375932108848 
3.4651297578753586 3.6489591880165357 4.543473461243311 3.5486311279835125 4.250658960772299 3.2883385653680683 2.401028799293324 2.9217917300619787 2.7746134477004953 3.279375932108848 
3.4651297578753586 3.6489591880165357 4.543473461243311 3.5486311279835125 4.250658960772299 3.2883385653680683 2.401028799293324 2.9217917300619787 2.7746134477004953 3.279375932108848 
3.4651297578753586 3.6489591880165357 4.543473461243311 3.5486311279835125 4.250658960772299 3.2883385653680683 2.401028799293324 2.9217917300619787 2.7746134477004953 3.279375932108848 
3.4651297578753586 4.12816299879428 4.543473461243311 3.5486311279835125 4.250658960772299 3.2883385653680683 2.401028799293324 2.9217917300619787 2.7746134477004953 3.279375932108848 
3.4651297578753586 4.12816299879428 4.543473461243311 3.5486311279835125 4.250658960772299 3.2883385653680683 2.401028799293324 2.9217917300619787 2.7746134477004953 3.279375932108848 
3.4651297578753586 4.12816299879428 4.543473461243311 3.5486311279835125 4.250658960772299 3.2883385653680683 2.401028799293324 2.9217917300619787 2.7746134477004953 3.279375932108848 
3.4651297578753586 4.12816299879428 4.543473461243311 3.5486311279835125 4.250658960772299 3.2883385653680683 2.401028799293324 2.9217917300619787 2.7746134477004953 3.279375932108848 
3.4651297578753586 4.12816299879428 4.543473461243311 3.5486311279835125 4.250658960772299 3.2883385653680683 2.401028799293324 2.9217917300619787 2.7746134477004953 3.279375932108848 
3.4651297578753586 4.12816299879428 4.543473461243311 3.5486311279835125 4.250658960772299 3.2883385653680683 2.401028799293324 2.9217917300619787 2.7746134477004953 3.279375932108848 
3.4651297578753586 4.12816299879428 4.543473461243311 3.5486311279835125 4.250658960772299 3.2883385653680683 2.401028799293324 2.9217917300619787 2.7746134477004953 3.279375932108848 
3.4651297578753586 4.12816299879428 4.543473461243311 3.5486311279835125 4.250658960772299 3.2883385653680683 2.401028799293324 2.9217917300619787 2.7746134477004953 3.279375932108848 
3.4651297578753586 4.12816299879428 4.543473461243311 3.5486311279835125 4.250658960772299 3.2883385653680683 2.401028799293324 2.9217917300619787 2.7746134477004953 3.279375932108848 
3.4651297578753586 4.12816299879428 4.543473461243311 3.5486311279835125 4.250658960772299 3.2883385653680683 2.401028799293324 2.9217917300619787 2.7746134477004953 3.279375932108848 
3.4651297578753586 4.12816299879428 4.543473461243311 3.5486311279835125 4.250658960772299 3.2883385653680683 2.401028799293324 2.9217917300619787 2.7746134477004953 3.279375932108848 
3.4651297578753586 4.12816299879428 4.543473461243311 3.5486311279835125 4.250658960772299 3.2883385653680683 2.401028799293324 2.9217917300619787 2.7746134477004953 3.279375932108848 
3.4651297578753586 4.12816299879428 4.543473461243311 3.5486311279835125 4.250658960772299 3.2883385653680683 2.401028799293324 2.9217917300619787 2.7746134477004953 3.279375932108848 
3.4651297578753586 4.12816299879428 4.543473461243311 3.5486311279835125 4.250658960772299 3.2883385653680683 2.401028799293324 2.9217917300619787 2.7746134477004953 3.279375932108848 
3.4651297578753586 4.12816299879428 4.543473461243311 3.5486311279835125 4.250658960772299 3.2883385653680683 2.401028799293324 2.9217917300619787 2.7746134477004953 3.279375932108848 
3.4651297578753586 4.12816299879428 4.543473461243311 3.5486311279835125 4.250658960772299 3.2883385653680683 2.401028799293324 2.9217917300619787 2.7746134477004953 3.279375932108848 
3.4651297578753586 4.12816299879428 4.543473461243311 3.5486311279835125 4.250658960772299 3.2883385653680683 2.401028799293324 2.9217917300619787 2.7746134477004953 3.279375932108848 
3.4651297578753586 4.12816299879428 4.543473461243311 3.5486311279835125 4.250658960772299 3.2883385653680683 2.401028799293324 2.9217917300619787 2.7746134477004953 3.279375932108848 
3.4651297578753586 4.12816299879428 4.543473461243311 3.5486311279835125 4.250658960772299 3.2883385653680683 2.401028799293324 2.9217917300619787 2.7746134477004953 3.279375932108848 
3.4651297578753586 4.12816299879428 4.543473461243311 3.5486311279835125 4.250658960772299 3.2883385653680683 2.401028799293324 2.9217917300619787 2.7746134477004953 3.279375932108848 
3.4651297578753586 4.12816299879428 4.543473461243311 3.5486311279835125 4.250658960772299 3.2883385653680683 2.401028799293324 2.9217917300619787 2.7746134477004953 3.279375932108848 
3.4651297578753586 4.12816299879428 4.543473461243311 3.5486311279835125 4.250658960772299 3.2883385653680683 2.401028799293324 2.9217917300619787 2.7746134477004953 3.279375932108848 
3.4651297578753586 4.12816299879428 4.543473461243311 3.5486311279835125 4.250658960772299 3.2883385653680683 2.401028799293324 2.9217917300619787 2.7746134477004953 3.279375932108848 
3.4651297578753586 4.12816299879428 4.543473461243311 3.5486311279835125 4.250658960772299 3.2883385653680683 2.401028799293324 2.9217917300619787 2.7746134477004953 3.279375932108848 
3.4651297578753586 4.12816299879428 4.543473461243311 3.5486311279835125 4.250658960772299 3.2883385653680683 2.401028799293324 2.9217917300619787 2.7746134477004953 3.279375932108848 
3.4651297578753586 4.12816299879428 4.543473461243311 3.5486311279835125 4.250658960772299 3.2883385653680683 2.401028799293324 2.9217917300619787 2.7746134477004953 3.279375932108848 
3.4651297578753586 4.12816299879428 4.543473461243311 3.5486311279835125 4.250658960772299 3.2883385653680683 2.401028799293324 2.9217917300619787 2.7746134477004953 3.279375932108848 
3.4651297578753586 4.12816299879428 4.543473461243311 3.5486311279835125 4.250658960772299 3.2883385653680683 2.401028799293324 2.9217917300619787 2.7746134477004953 3.279375932108848 
3.4651297578753586 4.12816299879428 4.543473461243311 3.5486311279835125 4.250658960772299 3.2883385653680683 2.401028799293324 2.9217917300619787 2.7746134477004953 3.279375932108848 
3.4651297578753586 4.12816299879428 4.543473461243311 3.5486311279835125 4.250658960772299 3.2883385653680683 2.401028799293324 2.9217917300619787 2.7746134477004953 3.279375932108848 
3.4651297578753586 4.12816299879428 4.543473461243311 3.5486311279835125 4.250658960772299 3.2883385653680683 2.401028799293324 2.9217917300619787 2.7746134477004953 3.279375932108848 
3.4651297578753586 4.12816299879428 4.543473461243311 3.5486311279835125 4.250658960772299 3.2883385653680683 2.401028799293324 2.9217917300619787 2.7746134477004953 3.279375932108848 
3.4651297578753586 4.12816299879428 4.543473461243311 3.5486311279835125 4.250658960772299 3.2883385653680683 2.401028799293324 2.9217917300619787 2.7746134477004953 3.279375932108848 
3.4651297578753586 4.12816299879428 4.543473461243311 3.5486311279835125 4.250658960772299 3.2883385653680683 2.401028799293324 2.9217917300619787 2.7746134477004953 3.279375932108848 
3.4651297578753586 4.12816299879428 4.543473461243311 3.5486311279835125 4.250658960772299 3.2883385653680683 2.401028799293324 2.9217917300619787 2.7746134477004953 3.279375932108848 
3.4651297578753586 4.12816299879428 4.543473461243311 3.5486311279835125 4.250658960772299 3.2883385653680683 2.401028799293324 2.9217917300619787 2.7746134477004953 3.279375932108848 
3.4651297578753586 4.12816299879428 4.543473461243311 3.5486311279835125 4.250658960772299 3.2883385653680683 2.401028799293324 2.9217917300619787 2.7746134477004953 3.279375932108848 
3.4651297578753586 4.12816299879428 4.543473461243311 3.5486311279835125 4.250658960772299 3.2883385653680683 2.401028799293324 2.9217917300619787 2.7746134477004953 3.279375932108848 
3.4651297578753586 4.12816299879428 4.543473461243311 3.5486311279835125 4.250658960772299 3.2883385653680683 2.401028799293324 2.9217917300619787 2.7746134477004953 3.279375932108848 
3.4651297578753586 4.12816299879428 4.543473461243311 3.5486311279835125 4.250658960772299 3.2883385653680683 2.401028799293324 2.9217917300619787 2.7746134477004953 3.279375932108848 
3.4651297578753586 4.12816299879428 4.543473461243311 3.5486311279835125 4.250658960772299 3.2883385653680683 2.401028799293324 2.9217917300619787 2.7746134477004953 3.279375932108848 
3.4651297578753586 4.12816299879428 4.543473461243311 3.5486311279835125 4.250658960772299 3.2883385653680683 2.401028799293324 2.9217917300619787 2.7746134477004953 3.279375932108848 
3.4651297578753586 4.12816299879428 4.543473461243311 3.5486311279835125 4.250658960772299 3.2883385653680683 2.401028799293324 2.9217917300619787 2.7746134477004953 3.279375932108848 
3.4651297578753586 4.12816299879428 4.543473461243311 3.5486311279835125 4.250658960772299 3.2883385653680683 2.401028799293324 2.9217917300619787 2.7746134477004953 3.279375932108848 
3.4651297578753586 4.12816299879428 4.543473461243311 3.5486311279835125 4.250658960772299 3.2883385653680683 2.401028799293324 2.9217917300619787 2.7746134477004953 3.279375932108848 
3.4651297578753586 4.12816299879428 4.543473461243311 3.5486311279835125 4.250658960772299 3.2883385653680683 2.401028799293324 2.9217917300619787 2.7746134477004953 3.279375932108848 
3.4651297578753586 4.12816299879428 4.543473461243311 3.5486311279835125 4.250658960772299 3.2883385653680683 2.401028799293324 2.9217917300619787 2.7746134477004953 3.279375932108848 
3.4651297578753586 4.12816299879428 4.543473461243311 3.5486311279835125 4.250658960772299 3.2883385653680683 2.401028799293324 2.9217917300619787 2.7746134477004953 3.279375932108848 
3.4651297578753586 4.12816299879428 4.543473461243311 3.5486311279835125 4.250658960772299 3.2883385653680683 2.401028799293324 2.9217917300619787 2.7746134477004953 3.279375932108848 
3.4651297578753586 4.12816299879428 4.543473461243311 3.5486311279835125 4.250658960772299 3.2883385653680683 2.401028799293324 2.9217917300619787 2.7746134477004953 3.279375932108848 
3.4651297578753586 4.12816299879428 4.543473461243311 3.5486311279835125 4.250658960772299 3.2883385653680683 2.401028799293324 2.9217917300619787 2.7746134477004953 3.279375932108848 
3.4651297578753586 4.12816299879428 4.543473461243311 3.5486311279835125 4.250658960772299 3.2883385653680683 2.401028799293324 2.9217917300619787 2.7746134477004953 3.279375932108848 
3.4651297578753586 4.12816299879428 4.543473461243311 3.5486311279835125 4.250658960772299 3.2883385653680683 2.401028799293324 2.9217917300619787 2.7746134477004953 3.279375932108848 
3.4651297578753586 4.12816299879428 4.543473461243311 3.5486311279835125 4.250658960772299 3.2883385653680683 2.401028799293324 2.9217917300619787 2.7746134477004953 3.279375932108848 
3.4651297578753586 4.12816299879428 4.543473461243311 3.5486311279835125 4.250658960772299 3.2883385653680683 2.401028799293324 2.9217917300619787 2.7746134477004953 3.279375932108848 
3.4651297578753586 4.12816299879428 4.543473461243311 3.5486311279835125 4.250658960772299 3.2883385653680683 2.401028799293324 2.9217917300619787 2.7746134477004953 3.279375932108848 
3.4651297578753586 4.12816299879428 4.543473461243311 3.5486311279835125 4.250658960772299 3.2883385653680683 2.401028799293324 2.9217917300619787 2.7746134477004953 3.279375932108848 
3.4651297578753586 4.12816299879428 4.543473461243311 3.5486311279835125 4.250658960772299 3.2883385653680683 2.401028799293324 2.9217917300619787 2.7746134477004953 3.279375932108848 
3.4651297578753586 4.12816299879428 4.543473461243311 3.5486311279835125 4.250658960772299 3.2883385653680683 2.401028799293324 2.9217917300619787 2.7746134477004953 3.279375932108848 
3.4651297578753586 4.12816299879428 4.543473461243311 3.5486311279835125 4.250658960772299 3.2883385653680683 2.401028799293324 2.9217917300619787 2.7746134477004953 3.279375932108848 
3.4651297578753586 4.12816299879428 4.543473461243311 3.5486311279835125 4.250658960772299 3.2883385653680683 2.401028799293324 2.9217917300619787 2.7746134477004953 3.279375932108848 
3.4651297578753586 4.12816299879428 4.543473461243311 3.5486311279835125 4.250658960772299 3.2883385653680683 2.401028799293324 2.9217917300619787 2.7746134477004953 3.279375932108848 
3.4651297578753586 4.12816299879428 4.543473461243311 3.5486311279835125 4.250658960772299 3.2883385653680683 2.401028799293324 2.9217917300619787 2.7746134477004953 3.279375932108848 
3.4651297578753586 4.12816299879428 4.543473461243311 3.5486311279835125 4.250658960772299 3.2883385653680683 2.401028799293324 2.9217917300619787 2.7746134477004953 3.279375932108848 
3.4651297578753586 4.12816299879428 4.543473461243311 3.5486311279835125 4.250658960772299 3.2883385653680683 2.401028799293324 2.9217917300619787 2.7746134477004953 3.279375932108848 
3.4651297578753586 4.12816299879428 4.543473461243311 3.5486311279835125 4.250658960772299 3.2883385653680683 2.401028799293324 2.9217917300619787 2.7746134477004953 3.279375932108848 
3.4651297578753586 4.12816299879428 4.543473461243311 3.5486311279835125 4.250658960772299 3.2883385653680683 2.401028799293324 2.9217917300619787 2.7746134477004953 3.279375932108848 
3.4651297578753586 4.12816299879428 4.543473461243311 3.5486311279835125 4.250658960772299 3.2883385653680683 2.401028799293324 2.9217917300619787 2.7746134477004953 3.279375932108848 
3.4651297578753586 4.12816299879428 4.543473461243311 3.5486311279835125 4.250658960772299 3.2883385653680683 2.401028799293324 2.9217917300619787 2.7746134477004953 3.279375932108848 
3.4651297578753586 4.12816299879428 4.543473461243311 3.5486311279835125 4.250658960772299 3.2883385653680683 2.401028799293324 2.9217917300619787 2.7746134477004953 3.279375932108848 
3.4651297578753586 4.12816299879428 4.543473461243311 3.5486311279835125 4.250658960772299 3.2883385653680683 2.401028799293324 2.9217917300619787 2.7746134477004953 3.279375932108848 
3.4651297578753586 4.12816299879428 4.543473461243311 3.5486311279835125 4.250658960772299 3.2883385653680683 2.401028799293324 2.9217917300619787 2.7746134477004953 3.279375932108848 
3.4651297578753586 4.12816299879428 4.543473461243311 3.5486311279835125 4.250658960772299 3.2883385653680683 2.401028799293324 2.9217917300619787 2.7746134477004953 3.279375932108848 
3.4651297578753586 4.12816299879428 4.543473461243311 3.5486311279835125 4.250658960772299 3.2883385653680683 2.401028799293324 2.9217917300619787 2.7746134477004953 3.279375932108848 
3.4651297578753586 4.12816299879428 4.543473461243311 3.5486311279835125 4.250658960772299 3.2883385653680683 3.0982727162847743 2.9217917300619787 2.7746134477004953 3.279375932108848 
3.4651297578753586 4.12816299879428 4.543473461243311 3.5486311279835125 4.250658960772299 3.2883385653680683 3.0982727162847743 2.9217917300619787 2.7746134477004953 3.279375932108848 
3.4651297578753586 4.12816299879428 4.543473461243311 3.5486311279835125 4.250658960772299 3.2883385653680683 3.0982727162847743 2.9217917300619787 2.7746134477004953 3.279375932108848 
3.4651297578753586 4.12816299879428 4.543473461243311 3.5486311279835125 4.250658960772299 3.2883385653680683 3.0982727162847743 2.9217917300619787 2.7746134477004953 3.279375932108848 
3.4651297578753586 4.12816299879428 4.543473461243311 3.5486311279835125 4.250658960772299 3.2883385653680683 3.0982727162847743 2.9217917300619787 2.7746134477004953 3.279375932108848 
3.4651297578753586 4.12816299879428 4.543473461243311 3.5486311279835125 4.250658960772299 3.2883385653680683 3.0982727162847743 2.9217917300619787 2.7746134477004953 3.279375932108848 
3.4651297578753586 4.12816299879428 4.543473461243311 3.5486311279835125 4.250658960772299 3.2883385653680683 3.0982727162847743 2.9217917300619787 2.7746134477004953 3.279375932108848 
3.4651297578753586 4.12816299879428 4.543473461243311 3.5486311279835125 4.250658960772299 3.2883385653680683 3.0982727162847743 2.9217917300619787 2.7746134477004953 3.279375932108848 
3.4651297578753586 4.12816299879428 4.543473461243311 3.5486311279835125 4.250658960772299 3.2883385653680683 3.0982727162847743 2.9217917300619787 2.7746134477004953 3.279375932108848 
3.4651297578753586 4.12816299879428 4.543473461243311 3.5486311279835125 4.250658960772299 3.2883385653680683 3.0982727162847743 2.9217917300619787 2.7746134477004953 3.279375932108848 
3.4651297578753586 4.12816299879428 4.543473461243311 3.5486311279835125 4.250658960772299 3.2883385653680683 3.0982727162847743 2.9217917300619787 2.7746134477004953 3.279375932108848 
3.4651297578753586 4.12816299879428 4.543473461243311 3.5486311279835125 4.250658960772299 3.2883385653680683 3.0982727162847743 2.9217917300619787 2.7746134477004953 3.279375932108848 
3.4651297578753586 4.12816299879428 4.543473461243311 3.5486311279835125 4.250658960772299 3.2883385653680683 3.0982727162847743 2.9217917300619787 2.7746134477004953 3.279375932108848 
3.4651297578753586 4.12816299879428 4.543473461243311 3.5486311279835125 4.250658960772299 3.2883385653680683 3.0982727162847743 2.9217917300619787 2.7746134477004953 3.279375932108848 
3.4651297578753586 4.12816299879428 4.543473461243311 3.5486311279835125 4.250658960772299 3.2883385653680683 3.0982727162847743 2.9217917300619787 2.7746134477004953 3.279375932108848 
3.4651297578753586 4.12816299879428 4.543473461243311 3.5486311279835125 4.250658960772299 3.2883385653680683 3.0982727162847743 2.9217917300619787 2.7746134477004953 3.279375932108848 
3.4651297578753586 4.12816299879428 4.543473461243311 3.5486311279835125 4.250658960772299 3.2883385653680683 3.0982727162847743 2.9217917300619787 2.7746134477004953 3.279375932108848 
3.4651297578753586 4.12816299879428 4.543473461243311 3.5486311279835125 4.250658960772299 3.2883385653680683 3.0982727162847743 2.9217917300619787 2.7746134477004953 3.279375932108848 
3.4651297578753586 4.12816299879428 4.543473461243311 3.5486311279835125 4.250658960772299 3.2883385653680683 3.0982727162847743 2.9217917300619787 2.7746134477004953 3.279375932108848 
3.4651297578753586 4.12816299879428 4.543473461243311 3.5486311279835125 4.250658960772299 3.2883385653680683 3.0982727162847743 2.9217917300619787 2.7746134477004953 3.279375932108848 
3.4651297578753586 4.12816299879428 4.543473461243311 3.5486311279835125 4.250658960772299 3.2883385653680683 3.0982727162847743 2.9217917300619787 2.7746134477004953 3.279375932108848 
3.4651297578753586 4.12816299879428 4.543473461243311 3.5486311279835125 4.250658960772299 3.2883385653680683 3.0982727162847743 2.9217917300619787 2.7746134477004953 3.279375932108848 
3.4651297578753586 4.12816299879428 4.543473461243311 3.5486311279835125 4.250658960772299 3.2883385653680683 3.0982727162847743 3.1216268076172096 2.7746134477004953 3.279375932108848 
3.4651297578753586 4.12816299879428 4.543473461243311 3.5486311279835125 4.250658960772299 3.2883385653680683 3.0982727162847743 3.1216268076172096 2.7746134477004953 3.279375932108848 
3.4651297578753586 4.12816299879428 4.543473461243311 3.5486311279835125 4.250658960772299 3.2883385653680683 3.0982727162847743 3.1216268076172096 2.7746134477004953 3.279375932108848 
3.4651297578753586 4.12816299879428 4.543473461243311 3.5486311279835125 4.250658960772299 3.2883385653680683 3.0982727162847743 3.1216268076172096 2.7746134477004953 3.279375932108848 
3.4651297578753586 4.12816299879428 4.543473461243311 3.5486311279835125 4.250658960772299 3.2883385653680683 3.0982727162847743 3.1216268076172096 2.7746134477004953 3.279375932108848 
3.4651297578753586 4.12816299879428 4.543473461243311 3.5486311279835125 4.250658960772299 3.2883385653680683 3.0982727162847743 3.1216268076172096 2.7746134477004953 3.279375932108848 
3.4651297578753586 4.12816299879428 4.543473461243311 3.5486311279835125 4.250658960772299 3.2883385653680683 3.0982727162847743 3.1216268076172096 2.7746134477004953 3.279375932108848 
3.4651297578753586 4.12816299879428 4.543473461243311 3.5486311279835125 4.250658960772299 3.2883385653680683 3.0982727162847743 3.1216268076172096 2.7746134477004953 3.279375932108848 
3.4651297578753586 4.12816299879428 4.543473461243311 3.5486311279835125 4.250658960772299 3.2883385653680683 3.0982727162847743 3.1216268076172096 2.7746134477004953 3.279375932108848 
3.4651297578753586 4.12816299879428 4.543473461243311 3.5486311279835125 4.250658960772299 3.2883385653680683 3.0982727162847743 3.1216268076172096 2.7746134477004953 3.279375932108848 
3.4651297578753586 4.12816299879428 4.543473461243311 3.5486311279835125 4.250658960772299 3.2883385653680683 3.0982727162847743 3.1216268076172096 2.7746134477004953 3.279375932108848 
3.4651297578753586 4.12816299879428 4.543473461243311 3.5486311279835125 4.250658960772299 3.2883385653680683 3.0982727162847743 3.1216268076172096 2.7746134477004953 3.279375932108848 
3.4651297578753586 4.12816299879428 4.543473461243311 3.5486311279835125 4.250658960772299 3.2883385653680683 3.0982727162847743 3.1216268076172096 2.7746134477004953 3.279375932108848 
3.4651297578753586 4.12816299879428 4.543473461243311 3.5486311279835125 4.250658960772299 3.2883385653680683 3.0982727162847743 3.1216268076172096 2.7746134477004953 3.279375932108848 
3.4651297578753586 4.12816299879428 4.543473461243311 3.5486311279835125 4.250658960772299 3.2883385653680683 3.0982727162847743 3.1216268076172096 2.7746134477004953 3.279375932108848 
3.4651297578753586 4.12816299879428 4.543473461243311 3.5486311279835125 4.250658960772299 3.2883385653680683 3.0982727162847743 3.1216268076172096 2.7746134477004953 3.279375932108848 
3.4651297578753586 4.12816299879428 4.543473461243311 3.5486311279835125 4.250658960772299 3.2883385653680683 3.0982727162847743 3.1216268076172096 2.7746134477004953 3.279375932108848 
