-0.0914298695537046 1.8557263378386397 0.089359697453536 0.12297027229691689 -0.17980945960844086 -0.00580846528816725 -0.6129127068669953 0.0049670276839707825 0.11562442987808728 1.1805683945016738 
-0.0001308093507724659 1.8557263378386397 0.089359697453536 0.536559734083782 0.010400183141687447 0.022608414123947193 0.14157817979766021 0.35315326900121535 0.6710539615482639 1.1805683945016738 
-0.0001308093507724659 1.8557263378386397 0.089359697453536 0.536559734083782 0.05948154962625461 2.2919002347340713 0.14157817979766021 0.35315326900121535 0.6710539615482639 1.1805683945016738 
-0.0001308093507724659 1.8557263378386397 0.089359697453536 1.9076766008756294 0.05948154962625461 2.2919002347340713 0.14157817979766021 0.9500536828296676 0.6710539615482639 1.1805683945016738 
0.002086923024583702 1.8557263378386397 0.089359697453536 1.9076766008756294 0.05948154962625461 2.2919002347340713 0.14157817979766021 0.9500536828296676 0.6971111487603185 1.1805683945016738 
0.002086923024583702 1.8557263378386397 0.089359697453536 1.9076766008756294 0.20800476759057554 2.2919002347340713 0.14157817979766021 0.9500536828296676 0.7747286115823473 1.1805683945016738 
0.002086923024583702 1.8557263378386397 0.089359697453536 1.9076766008756294 0.20800476759057554 2.2919002347340713 0.40972717131864367 1.4829102850799696 0.7747286115823473 1.1805683945016738 
0.002086923024583702 1.8557263378386397 0.089359697453536 1.9076766008756294 0.20800476759057554 2.2919002347340713 0.40972717131864367 1.4829102850799696 0.7926431151031501 1.1805683945016738 
0.002086923024583702 1.8557263378386397 0.089359697453536 1.9076766008756294 0.8948814523949431 2.2919002347340713 0.40972717131864367 1.4829102850799696 0.7926431151031501 1.1805683945016738 
0.029616990294031403 1.8557263378386397 0.089359697453536 1.9076766008756294 1.6563030950366013 2.2919002347340713 0.857061959453928 1.4829102850799696 0.7926431151031501 1.1805683945016738 
0.029616990294031403 1.8557263378386397 0.089359697453536 1.9076766008756294 1.6563030950366013 2.2919002347340713 0.857061959453928 1.4829102850799696 1.057424618711066 1.1805683945016738 
0.029616990294031403 1.8557263378386397 0.089359697453536 1.9076766008756294 1.6563030950366013 2.2919002347340713 0.857061959453928 1.4829102850799696 1.057424618711066 1.1805683945016738 
0.09563016393323591 1.8557263378386397 0.11631335681494726 1.9076766008756294 1.6563030950366013 2.2919002347340713 0.857061959453928 1.4829102850799696 1.057424618711066 2.3478862833227034 
0.09563016393323591 1.8557263378386397 0.11631335681494726 1.9076766008756294 1.6563030950366013 2.2919002347340713 0.857061959453928 1.4829102850799696 2.464577934240002 2.3478862833227034 
0.09563016393323591 1.8557263378386397 0.11631335681494726 1.9076766008756294 1.6563030950366013 2.2919002347340713 0.857061959453928 1.4829102850799696 2.464577934240002 2.3478862833227034 
0.09563016393323591 1.8557263378386397 2.6553699726045488 1.9076766008756294 1.8525996423989048 2.2919002347340713 0.857061959453928 1.4829102850799696 2.464577934240002 2.3478862833227034 
0.09563016393323591 1.8557263378386397 2.6553699726045488 1.9076766008756294 1.8525996423989048 2.2919002347340713 0.857061959453928 1.4829102850799696 2.464577934240002 2.3478862833227034 
0.09563016393323591 1.8557263378386397 2.6553699726045488 1.9076766008756294 1.8525996423989048 2.2919002347340713 0.857061959453928 1.4829102850799696 2.464577934240002 2.3478862833227034 
0.09563016393323591 1.8557263378386397 2.6553699726045488 1.9076766008756294 1.8525996423989048 2.2919002347340713 0.857061959453928 1.4829102850799696 2.464577934240002 2.3478862833227034 
0.3686936320529906 1.8557263378386397 2.6553699726045488 2.884588264722145 2.51289940034786 2.2919002347340713 0.857061959453928 3.6256777294091247 2.464577934240002 2.997569669586739 
0.3686936320529906 1.8557263378386397 2.6553699726045488 2.884588264722145 2.51289940034786 2.2919002347340713 0.857061959453928 3.6256777294091247 2.464577934240002 2.997569669586739 
0.3686936320529906 1.8557263378386397 2.6553699726045488 2.884588264722145 2.962063121420214 2.2919002347340713 0.857061959453928 3.6256777294091247 2.464577934240002 2.997569669586739 
0.3686936320529906 1.8557263378386397 2.6553699726045488 2.884588264722145 2.962063121420214 2.2919002347340713 0.857061959453928 3.6256777294091247 2.464577934240002 2.997569669586739 
0.3686936320529906 1.8557263378386397 2.6553699726045488 2.884588264722145 2.962063121420214 2.2919002347340713 0.857061959453928 3.6256777294091247 2.464577934240002 2.997569669586739 
0.3686936320529906 1.8557263378386397 2.6553699726045488 2.884588264722145 3.04435673343478 2.2919002347340713 0.857061959453928 3.6256777294091247 2.6656236352444242 2.997569669586739 
1.1035342452914538 1.8557263378386397 2.6553699726045488 2.884588264722145 3.1073530705286596 2.2919002347340713 0.857061959453928 3.6256777294091247 2.6656236352444242 2.997569669586739 
1.1035342452914538 1.8557263378386397 2.6553699726045488 2.884588264722145 3.1073530705286596 2.2919002347340713 0.857061959453928 3.6256777294091247 2.6656236352444242 2.997569669586739 
1.1035342452914538 1.8557263378386397 2.6553699726045488 2.884588264722145 3.1073530705286596 2.2919002347340713 0.857061959453928 3.6256777294091247 2.6656236352444242 2.997569669586739 
1.1035342452914538 1.8557263378386397 2.6553699726045488 2.884588264722145 3.1073530705286596 2.2919002347340713 0.857061959453928 3.6256777294091247 2.8964334203250144 2.997569669586739 
1.1035342452914538 1.8557263378386397 2.6553699726045488 2.884588264722145 3.1073530705286596 2.2919002347340713 0.857061959453928 3.6256777294091247 2.8964334203250144 2.997569669586739 
1.1035342452914538 1.8557263378386397 2.6553699726045488 2.884588264722145 3.1073530705286596 2.2919002347340713 0.857061959453928 3.6256777294091247 2.8964334203250144 2.997569669586739 
1.1035342452914538 1.8557263378386397 2.6553699726045488 2.884588264722145 3.1073530705286596 2.2919002347340713 0.857061959453928 3.6256777294091247 2.8964334203250144 2.997569669586739 
1.1035342452914538 1.8557263378386397 2.6553699726045488 2.884588264722145 3.1974061352660126 2.2919002347340713 0.857061959453928 3.6256777294091247 2.8964334203250144 2.997569669586739 
1.1035342452914538 1.8557263378386397 2.6553699726045488 2.884588264722145 3.1974061352660126 2.2919002347340713 0.857061959453928 3.6256777294091247 2.8964334203250144 3.1902558583816214 
1.1035342452914538 1.8557263378386397 2.6553699726045488 2.884588264722145 3.1974061352660126 2.2919002347340713 0.857061959453928 3.6256777294091247 2.8964334203250144 3.1902558583816214 
1.1035342452914538 1.8557263378386397 2.6553699726045488 2.884588264722145 3.1974061352660126 2.2919002347340713 0.857061959453928 3.6256777294091247 2.8964334203250144 3.1902558583816214 
1.1035342452914538 1.8557263378386397 2.6553699726045488 2.884588264722145 3.1974061352660126 2.2919002347340713 0.857061959453928 3.6256777294091247 2.8964334203250144 3.1902558583816214 
1.1035342452914538 1.8557263378386397 2.6553699726045488 2.884588264722145 3.1974061352660126 2.2919002347340713 0.857061959453928 3.6256777294091247 2.8964334203250144 3.1902558583816214 
1.1035342452914538 1.8557263378386397 2.6553699726045488 2.884588264722145 3.1974061352660126 2.2919002347340713 0.857061959453928 3.6256777294091247 2.8964334203250144 3.1902558583816214 
1.1035342452914538 1.8557263378386397 2.6553699726045488 2.884588264722145 3.1974061352660126 2.2919002347340713 0.857061959453928 3.6256777294091247 2.8964334203250144 3.1902558583816214 
1.2814254417439965 1.8557263378386397 2.6553699726045488 2.884588264722145 3.1974061352660126 2.2919002347340713 0.857061959453928 3.6256777294091247 2.8964334203250144 3.1902558583816214 
1.2814254417439965 1.8557263378386397 2.6553699726045488 2.884588264722145 3.1974061352660126 2.2919002347340713 0.857061959453928 3.6256777294091247 2.8964334203250144 3.1902558583816214 
1.2814254417439965 1.8557263378386397 2.6553699726045488 2.884588264722145 3.1974061352660126 2.2919002347340713 0.857061959453928 3.6256777294091247 2.8964334203250144 3.1902558583816214 
1.2814254417439965 1.8557263378386397 2.6553699726045488 2.884588264722145 3.1974061352660126 2.2919002347340713 0.857061959453928 3.6256777294091247 2.8964334203250144 3.1902558583816214 
1.2814254417439965 1.8557263378386397 2.6553699726045488 2.884588264722145 3.1974061352660126 2.2919002347340713 0.857061959453928 3.6256777294091247 2.8964334203250144 3.1902558583816214 
1.2814254417439965 1.8557263378386397 2.6553699726045488 2.884588264722145 3.1974061352660126 2.2919002347340713 0.857061959453928 3.6256777294091247 2.8964334203250144 3.1902558583816214 
1.2814254417439965 1.8557263378386397 2.6553699726045488 2.884588264722145 3.1974061352660126 2.2919002347340713 0.857061959453928 3.6256777294091247 2.8964334203250144 3.1902558583816214 
1.2814254417439965 1.8557263378386397 2.6553699726045488 2.884588264722145 3.1974061352660126 2.2919002347340713 0.857061959453928 3.6256777294091247 2.8964334203250144 3.1902558583816214 
1.2814254417439965 2.137796501006686 2.6553699726045488 2.884588264722145 3.1974061352660126 2.2919002347340713 0.857061959453928 3.6256777294091247 2.8964334203250144 3.1902558583816214 
1.2814254417439965 2.137796501006686 2.6553699726045488 2.884588264722145 3.1974061352660126 2.2919002347340713 0.857061959453928 3.6256777294091247 2.8964334203250144 3.1902558583816214 
1.2814254417439965 2.2905445425944655 2.6553699726045488 2.884588264722145 3.1974061352660126 2.2919002347340713 0.857061959453928 3.6256777294091247 2.8964334203250144 3.1902558583816214 
1.2814254417439965 2.2905445425944655 2.6553699726045488 2.884588264722145 3.1974061352660126 2.2919002347340713 0.857061959453928 3.6256777294091247 2.8964334203250144 3.1902558583816214 
1.2814254417439965 2.2905445425944655 2.6553699726045488 2.884588264722145 3.1974061352660126 2.2919002347340713 0.857061959453928 3.6256777294091247 2.8964334203250144 3.1902558583816214 
1.2814254417439965 2.2905445425944655 2.6553699726045488 2.884588264722145 3.1974061352660126 2.2919002347340713 0.857061959453928 3.6256777294091247 2.8964334203250144 3.1902558583816214 
1.8932232254838262 2.2905445425944655 2.6553699726045488 2.884588264722145 3.1974061352660126 2.2919002347340713 0.857061959453928 3.6256777294091247 2.8964334203250144 3.1902558583816214 
1.8932232254838262 2.2905445425944655 2.6553699726045488 2.884588264722145 3.1974061352660126 2.2919002347340713 0.857061959453928 3.6256777294091247 2.8964334203250144 3.1902558583816214 
1.8932232254838262 2.2905445425944655 2.6553699726045488 2.884588264722145 3.1974061352660126 2.2919002347340713 0.857061959453928 3.6256777294091247 2.8964334203250144 3.1902558583816214 
1.8932232254838262 2.2905445425944655 2.6553699726045488 2.884588264722145 3.1974061352660126 2.2919002347340713 0.857061959453928 3.6256777294091247 2.8964334203250144 3.1902558583816214 
1.8932232254838262 2.2905445425944655 2.6553699726045488 2.884588264722145 3.1974061352660126 2.2919002347340713 0.857061959453928 3.6256777294091247 2.8964334203250144 3.1902558583816214 
2.1470235855038386 2.2905445425944655 2.6553699726045488 2.884588264722145 3.1974061352660126 2.2919002347340713 0.857061959453928 3.6256777294091247 2.8964334203250144 3.1902558583816214 
2.1470235855038386 2.2905445425944655 2.6553699726045488 2.884588264722145 3.1974061352660126 2.2919002347340713 0.857061959453928 3.6256777294091247 2.8964334203250144 3.1902558583816214 
2.1470235855038386 2.2905445425944655 2.6553699726045488 2.884588264722145 3.1974061352660126 2.2919002347340713 0.857061959453928 3.6256777294091247 2.8964334203250144 3.4032930277032163 
2.1470235855038386 2.2905445425944655 2.6553699726045488 2.884588264722145 3.1974061352660126 2.2919002347340713 0.857061959453928 3.6256777294091247 2.8964334203250144 3.4032930277032163 
2.9613207493777005 2.2905445425944655 2.6553699726045488 2.884588264722145 3.1974061352660126 2.2919002347340713 1.7737241008292406 3.6256777294091247 2.8964334203250144 3.4032930277032163 
2.9613207493777005 2.2905445425944655 2.6553699726045488 4.8941430976558395 3.1974061352660126 2.2919002347340713 1.7737241008292406 3.6256777294091247 2.8964334203250144 3.4032930277032163 
2.9613207493777005 2.2905445425944655 2.6553699726045488 4.8941430976558395 3.1974061352660126 2.2919002347340713 1.7737241008292406 3.6256777294091247 2.8964334203250144 3.4032930277032163 
2.9613207493777005 2.2905445425944655 2.6553699726045488 4.8941430976558395 3.1974061352660126 2.2919002347340713 1.7737241008292406 3.6256777294091247 2.8964334203250144 3.4032930277032163 
2.9613207493777005 2.4478011737583887 2.6553699726045488 4.8941430976558395 3.1974061352660126 2.2919002347340713 1.993334810947195 3.6256777294091247 2.8964334203250144 3.4032930277032163 
2.9613207493777005 2.4478011737583887 2.6553699726045488 4.8941430976558395 3.1974061352660126 2.2919002347340713 1.993334810947195 3.6256777294091247 2.8964334203250144 3.4032930277032163 
2.9613207493777005 2.4478011737583887 2.6553699726045488 4.8941430976558395 3.1974061352660126 2.2919002347340713 1.993334810947195 3.6256777294091247 2.8964334203250144 3.4032930277032163 
2.9613207493777005 2.4478011737583887 2.6553699726045488 4.8941430976558395 3.1974061352660126 2.2919002347340713 1.993334810947195 3.6256777294091247 2.8964334203250144 3.4032930277032163 
2.9613207493777005 2.4478011737583887 2.6553699726045488 4.8941430976558395 3.1974061352660126 2.2919002347340713 1.993334810947195 3.6256777294091247 2.8964334203250144 3.4032930277032163 
2.9613207493777005 2.4478011737583887 2.6553699726045488 4.8941430976558395 3.1974061352660126 2.2919002347340713 1.993334810947195 3.6256777294091247 2.8964334203250144 3.4032930277032163 
2.9613207493777005 2.4478011737583887 2.6553699726045488 4.8941430976558395 3.1974061352660126 2.2919002347340713 1.993334810947195 3.6256777294091247 2.8964334203250144 3.4032930277032163 
2.9613207493777005 2.4478011737583887 2.6553699726045488 4.8941430976558395 3.1974061352660126 2.2919002347340713 2.6136778180876807 3.6256777294091247 2.8964334203250144 3.4032930277032163 
2.9613207493777005 2.4478011737583887 2.6553699726045488 4.8941430976558395 3.1974061352660126 2.2919002347340713 2.6136778180876807 3.6256777294091247 3.090707512082193 3.4032930277032163 
2.9613207493777005 2.4478011737583887 2.6553699726045488 4.8941430976558395 3.1974061352660126 2.2919002347340713 2.6136778180876807 3.6256777294091247 3.090707512082193 3.4032930277032163 
2.9613207493777005 2.4478011737583887 2.6553699726045488 4.8941430976558395 3.1974061352660126 2.2919002347340713 2.6136778180876807 3.6256777294091247 3.090707512082193 3.4032930277032163 
2.9613207493777005 2.4478011737583887 2.6553699726045488 4.8941430976558395 3.1974061352660126 2.2919002347340713 2.6136778180876807 3.6256777294091247 3.090707512082193 3.4032930277032163 
2.9613207493777005 2.4478011737583887 2.6553699726045488 4.8941430976558395 3.1974061352660126 2.2919002347340713 2.6136778180876807 3.6256777294091247 3.090707512082193 3.4032930277032163 
2.9613207493777005 2.4478011737583887 2.6553699726045488 4.8941430976558395 3.1974061352660126 2.2919002347340713 2.6136778180876807 3.6256777294091247 3.090707512082193 3.4032930277032163 
2.9613207493777005 2.4478011737583887 2.6553699726045488 4.8941430976558395 3.1974061352660126 2.2919002347340713 2.6136778180876807 3.6256777294091247 3.090707512082193 3.4032930277032163 
2.9613207493777005 2.4478011737583887 2.6553699726045488 4.8941430976558395 3.1974061352660126 2.2919002347340713 2.6136778180876807 3.6256777294091247 3.090707512082193 3.4032930277032163 
2.9613207493777005 2.4478011737583887 2.6553699726045488 4.8941430976558395 3.1974061352660126 2.2919002347340713 2.6136778180876807 3.6256777294091247 3.090707512082193 3.4032930277032163 
2.9613207493777005 2.651996315416153 2.6553699726045488 4.8941430976558395 3.1974061352660126 2.2919002347340713 2.6136778180876807 3.6256777294091247 3.090707512082193 3.4032930277032163 
2.9613207493777005 2.651996315416153 2.6553699726045488 4.8941430976558395 3.1974061352660126 2.2919002347340713 2.6136778180876807 3.6256777294091247 3.090707512082193 3.4032930277032163 
2.9613207493777005 2.651996315416153 2.6553699726045488 4.8941430976558395 3.1974061352660126 2.2919002347340713 2.6136778180876807 3.6256777294091247 3.090707512082193 3.4032930277032163 
2.9613207493777005 2.651996315416153 2.6553699726045488 4.8941430976558395 3.1974061352660126 2.2919002347340713 2.6136778180876807 3.6256777294091247 3.090707512082193 3.4032930277032163 
2.9613207493777005 2.651996315416153 2.6553699726045488 4.8941430976558395 3.1974061352660126 2.2919002347340713 2.6136778180876807 3.6256777294091247 3.090707512082193 3.4032930277032163 
2.9613207493777005 2.651996315416153 2.6553699726045488 4.8941430976558395 3.1974061352660126 2.2919002347340713 2.6136778180876807 3.6256777294091247 3.090707512082193 3.4032930277032163 
2.9613207493777005 2.651996315416153 2.6553699726045488 4.8941430976558395 3.1974061352660126 2.2919002347340713 2.6136778180876807 3.6256777294091247 3.090707512082193 3.4032930277032163 
2.9613207493777005 2.651996315416153 2.6553699726045488 4.8941430976558395 3.1974061352660126 2.2919002347340713 2.6136778180876807 3.6256777294091247 3.090707512082193 3.4032930277032163 
2.9613207493777005 2.651996315416153 2.6553699726045488 4.8941430976558395 3.1974061352660126 2.2919002347340713 2.6136778180876807 3.6256777294091247 3.090707512082193 3.4032930277032163 
2.9613207493777005 2.651996315416153 2.6553699726045488 4.8941430976558395 3.1974061352660126 2.2919002347340713 2.6136778180876807 3.6256777294091247 3.090707512082193 3.4032930277032163 
2.9613207493777005 2.651996315416153 2.6553699726045488 4.8941430976558395 3.1974061352660126 2.2919002347340713 2.6136778180876807 3.6256777294091247 3.090707512082193 3.4032930277032163 
2.9613207493777005 2.651996315416153 2.6553699726045488 4.8941430976558395 3.1974061352660126 2.2919002347340713 2.6136778180876807 3.6256777294091247 3.090707512082193 3.4032930277032163 
2.9613207493777005 2.651996315416153 2.6553699726045488 4.8941430976558395 3.1974061352660126 2.2919002347340713 2.6136778180876807 3.6256777294091247 3.090707512082193 3.4032930277032163 
2.9613207493777005 2.651996315416153 2.6553699726045488 4.8941430976558395 3.1974061352660126 2.2919002347340713 2.6136778180876807 3.6256777294091247 3.090707512082193 3.4032930277032163 
2.9613207493777005 2.8194527346985883 2.6553699726045488 4.8941430976558395 3.1974061352660126 2.2919002347340713 2.6136778180876807 3.6256777294091247 3.090707512082193 3.4032930277032163 
2.9613207493777005 2.8194527346985883 2.6553699726045488 4.8941430976558395 3.1974061352660126 2.2919002347340713 2.6136778180876807 3.6256777294091247 3.090707512082193 3.4032930277032163 
2.9613207493777005 2.8194527346985883 2.6553699726045488 4.8941430976558395 3.1974061352660126 2.2919002347340713 2.6136778180876807 3.6256777294091247 3.090707512082193 3.4032930277032163 
2.9613207493777005 2.8194527346985883 2.6553699726045488 4.8941430976558395 3.1974061352660126 2.2919002347340713 2.6136778180876807 3.6256777294091247 3.090707512082193 3.4032930277032163 
2.9613207493777005 2.8194527346985883 2.6553699726045488 4.8941430976558395 3.1974061352660126 2.2919002347340713 2.6136778180876807 3.6256777294091247 3.090707512082193 3.4032930277032163 
2.9613207493777005 2.8194527346985883 2.6553699726045488 4.8941430976558395 3.1974061352660126 2.2919002347340713 2.6136778180876807 3.6256777294091247 3.090707512082193 3.4032930277032163 
2.9613207493777005 2.8194527346985883 2.6553699726045488 4.8941430976558395 3.1974061352660126 2.2919002347340713 2.6136778180876807 3.6256777294091247 3.090707512082193 3.4032930277032163 
2.9613207493777005 2.8194527346985883 3.016430469145403 4.8941430976558395 3.1974061352660126 2.2919002347340713 2.6136778180876807 3.6256777294091247 3.090707512082193 3.4032930277032163 
2.9613207493777005 2.8194527346985883 3.016430469145403 4.8941430976558395 3.1974061352660126 2.2919002347340713 2.6136778180876807 3.6256777294091247 3.090707512082193 3.4032930277032163 
2.9613207493777005 2.8194527346985883 3.016430469145403 4.8941430976558395 3.1974061352660126 2.2919002347340713 2.6136778180876807 3.6256777294091247 3.090707512082193 3.4032930277032163 
2.9613207493777005 2.8194527346985883 3.016430469145403 4.8941430976558395 3.1974061352660126 2.2919002347340713 2.6136778180876807 3.6256777294091247 3.090707512082193 3.4032930277032163 
2.9613207493777005 2.8194527346985883 3.016430469145403 4.8941430976558395 3.1974061352660126 2.2919002347340713 2.6136778180876807 3.6256777294091247 3.090707512082193 3.4032930277032163 
2.9613207493777005 2.8194527346985883 3.016430469145403 4.8941430976558395 3.1974061352660126 2.2919002347340713 2.6136778180876807 3.6256777294091247 3.090707512082193 3.4032930277032163 
2.9613207493777005 2.8194527346985883 3.016430469145403 4.8941430976558395 3.1974061352660126 2.2919002347340713 2.6136778180876807 3.6256777294091247 3.090707512082193 3.4032930277032163 
2.9613207493777005 2.8194527346985883 3.016430469145403 4.8941430976558395 3.1974061352660126 2.2919002347340713 2.6136778180876807 3.6256777294091247 3.090707512082193 3.4032930277032163 
2.9613207493777005 2.8194527346985883 3.016430469145403 4.8941430976558395 3.1974061352660126 2.2919002347340713 2.6136778180876807 3.6256777294091247 3.090707512082193 3.4032930277032163 
2.9613207493777005 2.8194527346985883 3.016430469145403 4.8941430976558395 3.1974061352660126 2.2919002347340713 2.6136778180876807 3.6256777294091247 3.090707512082193 3.4032930277032163 
2.9613207493777005 2.8194527346985883 3.016430469145403 4.8941430976558395 3.1974061352660126 2.2919002347340713 2.6136778180876807 3.6256777294091247 3.090707512082193 3.4032930277032163 
2.9613207493777005 2.8194527346985883 3.016430469145403 4.8941430976558395 3.1974061352660126 2.2919002347340713 2.6136778180876807 3.6256777294091247 3.090707512082193 3.4032930277032163 
2.9613207493777005 2.8194527346985883 3.016430469145403 4.8941430976558395 3.1974061352660126 2.2919002347340713 2.6136778180876807 3.6256777294091247 3.090707512082193 3.4032930277032163 
2.9613207493777005 2.8194527346985883 3.9168795589128056 4.8941430976558395 3.1974061352660126 2.2919002347340713 2.6136778180876807 3.6256777294091247 3.090707512082193 3.4032930277032163 
2.9613207493777005 2.8194527346985883 3.9168795589128056 4.8941430976558395 3.1974061352660126 2.2919002347340713 2.6136778180876807 3.6256777294091247 3.090707512082193 3.4032930277032163 
2.9613207493777005 2.8194527346985883 3.9168795589128056 4.8941430976558395 3.1974061352660126 2.2919002347340713 2.6136778180876807 3.6256777294091247 3.090707512082193 3.4032930277032163 
2.9613207493777005 2.8194527346985883 3.9168795589128056 4.8941430976558395 3.1974061352660126 2.2919002347340713 2.6136778180876807 3.6256777294091247 3.090707512082193 3.4032930277032163 
2.9613207493777005 2.8194527346985883 3.9168795589128056 4.8941430976558395 3.1974061352660126 2.2919002347340713 2.6136778180876807 3.6256777294091247 3.090707512082193 3.4032930277032163 
2.9613207493777005 2.8194527346985883 3.9168795589128056 4.8941430976558395 3.1974061352660126 2.2919002347340713 2.6136778180876807 3.6256777294091247 3.090707512082193 3.4032930277032163 
2.9613207493777005 2.8194527346985883 3.9168795589128056 4.8941430976558395 3.1974061352660126 2.2919002347340713 2.6136778180876807 3.6256777294091247 3.090707512082193 3.4032930277032163 
2.9613207493777005 2.8194527346985883 3.9168795589128056 4.8941430976558395 3.1974061352660126 2.2919002347340713 2.6136778180876807 3.6256777294091247 3.090707512082193 3.4032930277032163 
2.9613207493777005 2.8194527346985883 3.9168795589128056 4.8941430976558395 3.1974061352660126 2.2919002347340713 2.6136778180876807 3.6256777294091247 3.090707512082193 3.4032930277032163 
2.9613207493777005 2.8194527346985883 3.9168795589128056 4.8941430976558395 3.3532326576440536 2.2919002347340713 2.6136778180876807 3.6256777294091247 3.090707512082193 3.4032930277032163 
2.9613207493777005 2.8194527346985883 3.9168795589128056 4.8941430976558395 3.3532326576440536 2.2919002347340713 2.6136778180876807 3.6256777294091247 3.090707512082193 3.4032930277032163 
2.9613207493777005 2.8194527346985883 3.9168795589128056 4.8941430976558395 3.3532326576440536 2.2919002347340713 2.6136778180876807 3.6256777294091247 3.090707512082193 3.4032930277032163 
2.9613207493777005 2.8194527346985883 3.9168795589128056 4.8941430976558395 3.3532326576440536 2.2919002347340713 2.6136778180876807 3.6256777294091247 3.090707512082193 3.4032930277032163 
2.9613207493777005 2.8194527346985883 3.9168795589128056 4.8941430976558395 3.3532326576440536 2.2919002347340713 2.6136778180876807 3.6256777294091247 3.090707512082193 3.4032930277032163 
2.9613207493777005 2.8194527346985883 3.9168795589128056 4.8941430976558395 3.3532326576440536 2.2919002347340713 2.6136778180876807 3.6256777294091247 3.090707512082193 3.4032930277032163 
2.9613207493777005 2.8194527346985883 3.9168795589128056 4.8941430976558395 3.3532326576440536 2.4413856047860367 2.6136778180876807 3.6256777294091247 3.090707512082193 3.4032930277032163 
2.9613207493777005 2.8194527346985883 3.9168795589128056 4.8941430976558395 3.3532326576440536 2.4413856047860367 2.6136778180876807 3.6256777294091247 3.090707512082193 3.4032930277032163 
2.9613207493777005 2.8194527346985883 3.9168795589128056 4.8941430976558395 3.3532326576440536 2.4413856047860367 2.6136778180876807 3.6256777294091247 3.159902375487867 3.4032930277032163 
2.9613207493777005 2.8194527346985883 3.9168795589128056 4.8941430976558395 3.3532326576440536 2.4413856047860367 2.6136778180876807 3.6256777294091247 3.159902375487867 3.4032930277032163 
2.9613207493777005 2.8194527346985883 3.9168795589128056 4.8941430976558395 3.3532326576440536 2.4413856047860367 2.6136778180876807 3.6256777294091247 3.159902375487867 3.4032930277032163 
2.9613207493777005 2.8194527346985883 3.9168795589128056 4.8941430976558395 3.3532326576440536 2.4413856047860367 2.6136778180876807 3.6256777294091247 3.159902375487867 3.4032930277032163 
2.9613207493777005 2.8194527346985883 3.9168795589128056 4.8941430976558395 3.3532326576440536 2.4413856047860367 2.6136778180876807 3.6256777294091247 3.159902375487867 3.4032930277032163 
2.9613207493777005 2.8194527346985883 3.9168795589128056 4.8941430976558395 3.3532326576440536 2.4413856047860367 2.6136778180876807 3.6256777294091247 3.159902375487867 3.4032930277032163 
2.9613207493777005 2.8194527346985883 3.9168795589128056 4.8941430976558395 3.3532326576440536 2.4413856047860367 2.6136778180876807 3.6256777294091247 3.159902375487867 3.4032930277032163 
2.9613207493777005 2.8194527346985883 3.9168795589128056 4.8941430976558395 3.3532326576440536 2.4413856047860367 2.6136778180876807 3.6256777294091247 3.159902375487867 3.4032930277032163 
2.9613207493777005 2.8194527346985883 3.9168795589128056 4.8941430976558395 3.3532326576440536 2.4413856047860367 2.6136778180876807 3.6256777294091247 3.159902375487867 3.4032930277032163 
2.9613207493777005 2.8194527346985883 3.9168795589128056 4.8941430976558395 3.3532326576440536 2.4413856047860367 2.6136778180876807 3.6256777294091247 3.159902375487867 3.4032930277032163 
2.9613207493777005 2.8194527346985883 3.9168795589128056 4.8941430976558395 3.3532326576440536 2.4413856047860367 2.6136778180876807 3.6256777294091247 3.159902375487867 3.4032930277032163 
2.9613207493777005 2.8194527346985883 3.9168795589128056 4.8941430976558395 3.3532326576440536 2.4413856047860367 2.6136778180876807 3.6256777294091247 3.159902375487867 3.4032930277032163 
2.9613207493777005 2.8194527346985883 3.9168795589128056 4.8941430976558395 3.3532326576440536 2.4413856047860367 2.6136778180876807 3.6256777294091247 3.159902375487867 3.4032930277032163 
2.9613207493777005 2.8194527346985883 3.9168795589128056 4.8941430976558395 3.3532326576440536 2.4413856047860367 2.6136778180876807 3.6256777294091247 3.159902375487867 3.4032930277032163 
2.9613207493777005 2.8194527346985883 3.9168795589128056 4.8941430976558395 3.3532326576440536 2.4413856047860367 2.6136778180876807 3.6256777294091247 3.159902375487867 3.4032930277032163 
2.9613207493777005 2.8194527346985883 3.9168795589128056 4.8941430976558395 3.3532326576440536 2.4413856047860367 2.6136778180876807 3.6256777294091247 3.159902375487867 3.4032930277032163 
2.9613207493777005 2.8194527346985883 3.9168795589128056 4.8941430976558395 4.253790788706236 2.4413856047860367 2.6136778180876807 3.6256777294091247 3.159902375487867 3.4032930277032163 
2.9613207493777005 2.8194527346985883 3.9168795589128056 4.8941430976558395 4.253790788706236 2.4413856047860367 2.6136778180876807 3.6256777294091247 3.159902375487867 3.4032930277032163 
2.9613207493777005 2.8194527346985883 3.9168795589128056 4.8941430976558395 4.253790788706236 2.4413856047860367 2.6136778180876807 3.6256777294091247 3.159902375487867 3.4032930277032163 
2.9613207493777005 2.8194527346985883 3.9168795589128056 4.8941430976558395 4.253790788706236 2.4413856047860367 2.6136778180876807 3.6256777294091247 3.159902375487867 3.4032930277032163 
2.9613207493777005 2.8194527346985883 3.9168795589128056 4.8941430976558395 4.253790788706236 2.4413856047860367 2.6136778180876807 3.6256777294091247 3.159902375487867 3.4032930277032163 
2.9613207493777005 2.8194527346985883 3.9168795589128056 4.8941430976558395 4.253790788706236 2.4413856047860367 2.6136778180876807 3.6256777294091247 3.159902375487867 3.4032930277032163 
2.9613207493777005 2.8194527346985883 3.9168795589128056 4.8941430976558395 4.253790788706236 2.4413856047860367 2.6136778180876807 3.6256777294091247 3.159902375487867 3.4032930277032163 
2.9613207493777005 2.8194527346985883 3.9168795589128056 4.8941430976558395 4.253790788706236 2.4413856047860367 2.6136778180876807 3.6256777294091247 3.159902375487867 3.4032930277032163 
2.9613207493777005 2.8194527346985883 3.9168795589128056 4.8941430976558395 4.253790788706236 2.4413856047860367 2.6136778180876807 3.6256777294091247 3.159902375487867 3.4032930277032163 
2.9613207493777005 2.8194527346985883 3.9168795589128056 4.8941430976558395 4.253790788706236 2.4413856047860367 2.6136778180876807 3.6256777294091247 3.159902375487867 3.8500907471554817 
2.9613207493777005 2.8194527346985883 3.9168795589128056 4.8941430976558395 4.253790788706236 2.4413856047860367 2.6136778180876807 3.6256777294091247 3.159902375487867 3.8500907471554817 
2.9613207493777005 2.8194527346985883 3.9168795589128056 4.8941430976558395 4.253790788706236 2.4413856047860367 2.6136778180876807 3.6256777294091247 3.159902375487867 3.8500907471554817 
2.9613207493777005 2.8194527346985883 3.9168795589128056 4.8941430976558395 4.253790788706236 2.4413856047860367 2.6136778180876807 3.6256777294091247 3.159902375487867 3.8500907471554817 
2.9613207493777005 2.8194527346985883 3.9168795589128056 4.8941430976558395 4.253790788706236 2.4413856047860367 2.6136778180876807 3.6256777294091247 3.159902375487867 3.8500907471554817 
4.959399415003001 2.8194527346985883 3.9168795589128056 4.8941430976558395 4.253790788706236 2.4413856047860367 2.6136778180876807 3.6256777294091247 3.159902375487867 3.8500907471554817 
4.959399415003001 2.8194527346985883 3.9168795589128056 4.8941430976558395 4.253790788706236 2.4413856047860367 2.6136778180876807 3.6256777294091247 3.159902375487867 3.8500907471554817 
4.959399415003001 2.8194527346985883 3.9168795589128056 4.8941430976558395 4.253790788706236 2.4413856047860367 2.6136778180876807 3.6256777294091247 3.159902375487867 3.8500907471554817 
4.959399415003001 2.8194527346985883 3.9168795589128056 4.8941430976558395 4.253790788706236 2.4413856047860367 2.6136778180876807 3.6256777294091247 3.159902375487867 3.8500907471554817 
4.959399415003001 2.8194527346985883 3.9168795589128056 4.8941430976558395 4.253790788706236 2.4413856047860367 2.6136778180876807 3.6256777294091247 3.159902375487867 3.8500907471554817 
4.959399415003001 2.8194527346985883 3.9168795589128056 4.8941430976558395 4.253790788706236 2.4413856047860367 2.6136778180876807 3.6256777294091247 3.159902375487867 3.8500907471554817 
4.959399415003001 2.8194527346985883 3.9168795589128056 4.8941430976558395 4.253790788706236 2.4413856047860367 2.6136778180876807 3.6256777294091247 3.159902375487867 3.8500907471554817 
4.959399415003001 2.8194527346985883 3.9168795589128056 4.8941430976558395 4.253790788706236 2.4413856047860367 2.6136778180876807 3.6256777294091247 3.159902375487867 3.8500907471554817 
4.959399415003001 2.8194527346985883 3.9168795589128056 4.8941430976558395 4.253790788706236 2.4413856047860367 2.6136778180876807 3.6256777294091247 3.159902375487867 3.8500907471554817 
4.959399415003001 2.8194527346985883 3.9168795589128056 4.8941430976558395 4.253790788706236 2.4413856047860367 2.6136778180876807 3.6256777294091247 3.159902375487867 3.8500907471554817 
4.959399415003001 2.8194527346985883 3.9168795589128056 4.8941430976558395 4.253790788706236 2.4413856047860367 2.6136778180876807 3.6256777294091247 3.159902375487867 3.8500907471554817 
4.959399415003001 2.8194527346985883 3.9168795589128056 4.8941430976558395 4.253790788706236 2.4413856047860367 2.6136778180876807 3.6256777294091247 3.159902375487867 3.8500907471554817 
4.959399415003001 3.092254031709993 3.9168795589128056 4.8941430976558395 4.253790788706236 2.4413856047860367 2.6136778180876807 3.6256777294091247 3.159902375487867 3.8500907471554817 
4.959399415003001 3.092254031709993 3.9168795589128056 4.8941430976558395 4.253790788706236 2.4413856047860367 2.6136778180876807 3.6256777294091247 3.159902375487867 3.8500907471554817 
4.959399415003001 3.092254031709993 3.9168795589128056 4.8941430976558395 4.253790788706236 2.4413856047860367 2.6136778180876807 3.6256777294091247 3.159902375487867 3.8500907471554817 
4.959399415003001 3.092254031709993 3.9168795589128056 4.8941430976558395 4.253790788706236 2.4413856047860367 2.6136778180876807 3.6256777294091247 3.159902375487867 3.8500907471554817 
4.959399415003001 3.092254031709993 3.9168795589128056 4.8941430976558395 4.253790788706236 2.4413856047860367 2.6136778180876807 3.6256777294091247 3.159902375487867 3.8500907471554817 
4.959399415003001 3.092254031709993 3.9168795589128056 4.8941430976558395 4.253790788706236 2.4413856047860367 2.6136778180876807 3.6256777294091247 3.159902375487867 3.8500907471554817 
4.959399415003001 3.092254031709993 3.9168795589128056 4.8941430976558395 4.253790788706236 2.4413856047860367 2.6136778180876807 3.6256777294091247 3.159902375487867 3.8500907471554817 
4.959399415003001 3.092254031709993 3.9168795589128056 4.8941430976558395 4.253790788706236 2.4413856047860367 2.6136778180876807 3.6256777294091247 3.159902375487867 3.8500907471554817 
4.959399415003001 3.092254031709993 3.9168795589128056 4.8941430976558395 4.253790788706236 2.4413856047860367 2.6136778180876807 3.6256777294091247 3.159902375487867 3.8500907471554817 
4.959399415003001 3.092254031709993 3.9168795589128056 4.8941430976558395 4.253790788706236 2.4413856047860367 2.6136778180876807 3.6256777294091247 3.159902375487867 3.8500907471554817 
4.959399415003001 3.092254031709993 3.9168795589128056 4.8941430976558395 4.253790788706236 2.4413856047860367 2.6136778180876807 3.6256777294091247 3.159902375487867 3.8500907471554817 
4.959399415003001 3.092254031709993 3.9168795589128056 4.8941430976558395 4.253790788706236 2.4413856047860367 2.6136778180876807 3.6256777294091247 3.159902375487867 3.8500907471554817 
4.959399415003001 3.092254031709993 3.9168795589128056 4.8941430976558395 4.253790788706236 2.4413856047860367 2.6136778180876807 3.6256777294091247 3.6312577317428603 3.8500907471554817 
4.959399415003001 3.092254031709993 3.9168795589128056 4.8941430976558395 4.253790788706236 2.4413856047860367 2.6136778180876807 3.6256777294091247 3.6312577317428603 3.8500907471554817 
4.959399415003001 3.092254031709993 3.9168795589128056 4.8941430976558395 4.253790788706236 2.4413856047860367 2.6136778180876807 3.6256777294091247 3.6312577317428603 3.8500907471554817 
4.959399415003001 3.092254031709993 3.9168795589128056 4.8941430976558395 4.253790788706236 2.4413856047860367 2.6136778180876807 3.6256777294091247 3.6312577317428603 3.8500907471554817 
4.959399415003001 3.092254031709993 3.9168795589128056 4.8941430976558395 4.253790788706236 2.4413856047860367 2.6136778180876807 3.6256777294091247 3.6312577317428603 3.8500907471554817 
4.959399415003001 3.092254031709993 3.9168795589128056 4.8941430976558395 4.253790788706236 2.4413856047860367 2.6136778180876807 3.6256777294091247 3.6312577317428603 3.8500907471554817 
4.959399415003001 3.092254031709993 3.9168795589128056 4.8941430976558395 4.253790788706236 2.4413856047860367 2.6136778180876807 3.6256777294091247 3.6312577317428603 3.8500907471554817 
4.959399415003001 3.092254031709993 3.9168795589128056 4.8941430976558395 4.253790788706236 2.4413856047860367 2.6136778180876807 3.6256777294091247 3.6312577317428603 3.8500907471554817 
4.959399415003001 3.092254031709993 3.9168795589128056 4.8941430976558395 4.253790788706236 2.4413856047860367 2.6136778180876807 3.6256777294091247 3.6312577317428603 3.8500907471554817 
4.959399415003001 3.092254031709993 3.9168795589128056 4.8941430976558395 4.253790788706236 2.4413856047860367 2.6136778180876807 3.6256777294091247 3.6312577317428603 3.8500907471554817 
4.959399415003001 3.092254031709993 3.9168795589128056 4.8941430976558395 4.253790788706236 2.4413856047860367 2.6136778180876807 3.6256777294091247 3.6312577317428603 3.8500907471554817 
4.959399415003001 3.092254031709993 3.9168795589128056 4.8941430976558395 4.253790788706236 2.4413856047860367 2.6136778180876807 3.6256777294091247 3.6312577317428603 3.8500907471554817 
4.959399415003001 3.092254031709993 3.9168795589128056 4.8941430976558395 4.253790788706236 2.4413856047860367 2.6136778180876807 3.6256777294091247 3.6312577317428603 3.8500907471554817 
4.959399415003001 3.092254031709993 3.9168795589128056 4.8941430976558395 4.253790788706236 2.4413856047860367 2.6136778180876807 3.6256777294091247 3.6312577317428603 3.8500907471554817 
4.959399415003001 3.092254031709993 3.9168795589128056 4.8941430976558395 4.253790788706236 2.9005308131646172 2.6136778180876807 3.6256777294091247 3.6312577317428603 3.8500907471554817 
4.959399415003001 3.092254031709993 3.9168795589128056 4.8941430976558395 4.253790788706236 2.9005308131646172 2.6136778180876807 3.6256777294091247 3.6312577317428603 3.8500907471554817 
4.959399415003001 3.092254031709993 3.9168795589128056 4.8941430976558395 4.253790788706236 2.9005308131646172 2.6136778180876807 3.6256777294091247 3.6312577317428603 3.8500907471554817 
4.959399415003001 3.092254031709993 3.9168795589128056 4.8941430976558395 4.253790788706236 2.9005308131646172 2.6136778180876807 3.6256777294091247 3.6312577317428603 3.8500907471554817 
4.959399415003001 3.092254031709993 3.9168795589128056 4.8941430976558395 4.253790788706236 2.9005308131646172 2.6136778180876807 3.6256777294091247 3.6312577317428603 3.8500907471554817 
4.959399415003001 3.092254031709993 3.9168795589128056 4.8941430976558395 4.253790788706236 2.9005308131646172 2.6136778180876807 3.6256777294091247 3.6312577317428603 3.8500907471554817 
4.959399415003001 3.092254031709993 3.9168795589128056 4.8941430976558395 4.253790788706236 2.9005308131646172 2.6136778180876807 3.6256777294091247 3.6312577317428603 3.8500907471554817 
4.959399415003001 3.092254031709993 3.9168795589128056 4.8941430976558395 4.253790788706236 2.9005308131646172 2.6136778180876807 3.6256777294091247 3.6312577317428603 3.8500907471554817 
4.959399415003001 3.092254031709993 3.9168795589128056 4.8941430976558395 4.253790788706236 2.9005308131646172 2.6136778180876807 3.6256777294091247 3.6312577317428603 3.8500907471554817 
4.959399415003001 3.092254031709993 3.9168795589128056 4.8941430976558395 4.253790788706236 2.9005308131646172 2.6136778180876807 3.6256777294091247 3.6312577317428603 3.8500907471554817 
4.959399415003001 3.092254031709993 3.9168795589128056 4.8941430976558395 4.253790788706236 2.9005308131646172 2.6136778180876807 3.6256777294091247 3.6312577317428603 3.8500907471554817 
4.959399415003001 3.092254031709993 3.9168795589128056 4.8941430976558395 4.253790788706236 2.9005308131646172 2.6136778180876807 3.6256777294091247 3.6312577317428603 3.8500907471554817 
4.959399415003001 3.092254031709993 3.9168795589128056 4.8941430976558395 4.253790788706236 2.9005308131646172 2.6136778180876807 3.6256777294091247 3.6312577317428603 3.8500907471554817 
4.959399415003001 3.092254031709993 3.9168795589128056 4.8941430976558395 4.253790788706236 2.9005308131646172 2.6136778180876807 3.6256777294091247 3.6312577317428603 3.8500907471554817 
4.959399415003001 3.092254031709993 3.9168795589128056 4.8941430976558395 4.253790788706236 2.9005308131646172 2.6136778180876807 3.6256777294091247 3.6312577317428603 3.8500907471554817 
4.959399415003001 3.092254031709993 3.9168795589128056 4.8941430976558395 4.253790788706236 2.9005308131646172 2.6136778180876807 3.6256777294091247 3.6312577317428603 3.8500907471554817 
4.959399415003001 3.092254031709993 3.9168795589128056 4.8941430976558395 4.253790788706236 2.9005308131646172 2.6136778180876807 3.6256777294091247 3.6312577317428603 3.8500907471554817 
4.959399415003001 3.092254031709993 3.9168795589128056 4.8941430976558395 4.253790788706236 2.9005308131646172 2.6136778180876807 3.6256777294091247 3.6312577317428603 3.8500907471554817 
4.959399415003001 3.092254031709993 3.9168795589128056 4.8941430976558395 4.253790788706236 2.9005308131646172 2.6136778180876807 3.6256777294091247 3.6312577317428603 3.8500907471554817 
4.959399415003001 3.092254031709993 3.9168795589128056 4.8941430976558395 4.253790788706236 2.9005308131646172 2.6136778180876807 3.6256777294091247 3.6312577317428603 3.8500907471554817 
4.959399415003001 3.092254031709993 3.9168795589128056 4.8941430976558395 4.253790788706236 2.9005308131646172 2.6136778180876807 3.6256777294091247 3.6312577317428603 3.8500907471554817 
4.959399415003001 3.092254031709993 3.9168795589128056 4.8941430976558395 4.253790788706236 2.9005308131646172 2.6136778180876807 3.6256777294091247 3.6312577317428603 3.8500907471554817 
4.959399415003001 3.092254031709993 3.9168795589128056 4.8941430976558395 4.253790788706236 2.9005308131646172 2.6136778180876807 3.6256777294091247 3.6312577317428603 3.8500907471554817 
4.959399415003001 3.092254031709993 3.9168795589128056 4.8941430976558395 4.253790788706236 2.9005308131646172 2.6136778180876807 3.6256777294091247 3.6312577317428603 3.8500907471554817 
4.959399415003001 3.092254031709993 3.9168795589128056 4.8941430976558395 4.253790788706236 2.9005308131646172 2.6136778180876807 3.6256777294091247 3.6312577317428603 3.8500907471554817 
4.959399415003001 3.092254031709993 3.9168795589128056 4.8941430976558395 4.253790788706236 2.9005308131646172 2.6136778180876807 3.6256777294091247 3.6312577317428603 3.8500907471554817 
4.959399415003001 3.092254031709993 3.9168795589128056 4.8941430976558395 4.253790788706236 2.9005308131646172 2.6136778180876807 3.6256777294091247 3.6312577317428603 3.8500907471554817 
4.959399415003001 3.092254031709993 3.9168795589128056 4.8941430976558395 4.253790788706236 2.9005308131646172 2.6136778180876807 3.6256777294091247 3.6312577317428603 3.8500907471554817 
4.959399415003001 3.092254031709993 3.9168795589128056 4.8941430976558395 4.253790788706236 2.9005308131646172 2.6136778180876807 3.6256777294091247 3.6312577317428603 3.8500907471554817 
4.959399415003001 3.092254031709993 3.9168795589128056 4.8941430976558395 4.253790788706236 2.9005308131646172 2.6136778180876807 3.6256777294091247 3.6312577317428603 3.8500907471554817 
4.959399415003001 3.092254031709993 3.9168795589128056 4.8941430976558395 4.253790788706236 2.9005308131646172 2.6136778180876807 3.6256777294091247 3.6312577317428603 3.8500907471554817 
4.959399415003001 3.092254031709993 3.9168795589128056 4.8941430976558395 4.253790788706236 2.9005308131646172 2.6136778180876807 3.6256777294091247 3.6312577317428603 3.8500907471554817 
4.959399415003001 3.092254031709993 3.9168795589128056 4.8941430976558395 4.253790788706236 2.9005308131646172 2.6136778180876807 3.6256777294091247 3.6312577317428603 3.8500907471554817 
4.959399415003001 3.092254031709993 3.9168795589128056 4.8941430976558395 4.253790788706236 2.9005308131646172 2.6136778180876807 3.6256777294091247 3.6312577317428603 3.8500907471554817 
4.959399415003001 3.092254031709993 3.9168795589128056 4.8941430976558395 4.253790788706236 2.9005308131646172 2.6136778180876807 3.6256777294091247 3.6312577317428603 3.8500907471554817 
4.959399415003001 3.092254031709993 3.9168795589128056 4.8941430976558395 4.253790788706236 2.9005308131646172 2.6136778180876807 3.6256777294091247 3.6312577317428603 3.8500907471554817 
4.959399415003001 3.092254031709993 3.9168795589128056 4.8941430976558395 4.253790788706236 2.9005308131646172 2.6136778180876807 3.6256777294091247 3.6312577317428603 3.8500907471554817 
4.959399415003001 3.092254031709993 3.9168795589128056 4.8941430976558395 4.253790788706236 2.9005308131646172 2.6136778180876807 3.6256777294091247 3.6312577317428603 3.8500907471554817 
4.959399415003001 3.092254031709993 3.9168795589128056 4.8941430976558395 4.253790788706236 2.9005308131646172 2.6136778180876807 3.6256777294091247 3.6312577317428603 3.8500907471554817 
4.959399415003001 3.092254031709993 3.9168795589128056 4.8941430976558395 4.253790788706236 2.9005308131646172 2.6136778180876807 3.6256777294091247 3.6312577317428603 3.8500907471554817 
4.959399415003001 3.092254031709993 3.9168795589128056 4.8941430976558395 4.253790788706236 2.9005308131646172 2.6136778180876807 3.6256777294091247 3.6312577317428603 3.8500907471554817 
4.959399415003001 3.092254031709993 3.9168795589128056 4.8941430976558395 4.253790788706236 2.9005308131646172 2.6136778180876807 3.6256777294091247 3.6312577317428603 3.8500907471554817 
4.959399415003001 3.092254031709993 3.9168795589128056 4.8941430976558395 4.253790788706236 2.9005308131646172 2.6136778180876807 3.6256777294091247 3.6312577317428603 3.8500907471554817 
4.959399415003001 3.092254031709993 3.9168795589128056 4.8941430976558395 4.253790788706236 2.9005308131646172 2.6136778180876807 3.6256777294091247 3.6312577317428603 3.8500907471554817 
4.959399415003001 3.092254031709993 3.9168795589128056 4.8941430976558395 4.253790788706236 2.9005308131646172 2.6136778180876807 3.6256777294091247 3.6312577317428603 3.8500907471554817 
4.959399415003001 3.092254031709993 3.9168795589128056 4.8941430976558395 4.253790788706236 2.9005308131646172 2.6136778180876807 3.6256777294091247 3.6312577317428603 3.8500907471554817 
4.959399415003001 3.092254031709993 3.9168795589128056 4.8941430976558395 4.253790788706236 2.9005308131646172 2.6136778180876807 3.6256777294091247 3.6312577317428603 3.8500907471554817 
4.959399415003001 3.092254031709993 3.9168795589128056 4.8941430976558395 4.253790788706236 2.9005308131646172 2.6136778180876807 3.6256777294091247 3.6312577317428603 3.8500907471554817 
4.959399415003001 3.092254031709993 3.9168795589128056 4.8941430976558395 4.253790788706236 2.9005308131646172 2.6136778180876807 3.6256777294091247 3.6312577317428603 3.8500907471554817 
4.959399415003001 3.092254031709993 3.9168795589128056 4.8941430976558395 4.253790788706236 2.9005308131646172 2.6136778180876807 3.6256777294091247 3.6312577317428603 3.8500907471554817 
4.959399415003001 3.092254031709993 3.9168795589128056 4.8941430976558395 4.253790788706236 2.9005308131646172 2.6136778180876807 3.6256777294091247 3.6312577317428603 3.8500907471554817 
4.959399415003001 3.092254031709993 3.9168795589128056 4.8941430976558395 4.253790788706236 2.9005308131646172 2.6136778180876807 3.6256777294091247 3.6312577317428603 3.8500907471554817 
4.959399415003001 3.092254031709993 3.9168795589128056 4.8941430976558395 4.253790788706236 2.9005308131646172 2.6136778180876807 3.6256777294091247 3.6312577317428603 3.8500907471554817 
4.959399415003001 3.092254031709993 3.9168795589128056 4.8941430976558395 4.253790788706236 2.9005308131646172 2.6136778180876807 3.6256777294091247 3.6312577317428603 3.8500907471554817 
4.959399415003001 3.092254031709993 3.9168795589128056 4.8941430976558395 4.253790788706236 2.9005308131646172 2.6136778180876807 3.6256777294091247 3.6312577317428603 3.8500907471554817 
4.959399415003001 3.092254031709993 3.9168795589128056 4.8941430976558395 4.253790788706236 2.9005308131646172 2.6136778180876807 3.6256777294091247 3.6312577317428603 3.8500907471554817 
4.959399415003001 3.092254031709993 3.9168795589128056 4.8941430976558395 4.253790788706236 2.9005308131646172 2.6136778180876807 3.6256777294091247 3.6312577317428603 3.8500907471554817 
4.959399415003001 3.092254031709993 3.9168795589128056 4.8941430976558395 4.253790788706236 2.9005308131646172 2.6136778180876807 3.6256777294091247 3.6312577317428603 3.8500907471554817 
4.959399415003001 3.092254031709993 3.9168795589128056 4.8941430976558395 4.253790788706236 2.9005308131646172 2.6136778180876807 3.6256777294091247 3.6312577317428603 3.8500907471554817 
4.959399415003001 3.092254031709993 3.9168795589128056 4.8941430976558395 4.253790788706236 2.9005308131646172 2.6136778180876807 3.6256777294091247 3.6312577317428603 3.8500907471554817 
4.959399415003001 3.092254031709993 3.9168795589128056 4.8941430976558395 4.253790788706236 2.9005308131646172 2.6136778180876807 3.6256777294091247 3.6312577317428603 3.8500907471554817 
4.959399415003001 3.092254031709993 3.9168795589128056 4.8941430976558395 4.253790788706236 2.9005308131646172 2.6136778180876807 3.6256777294091247 3.6312577317428603 3.8500907471554817 
4.959399415003001 3.092254031709993 3.9168795589128056 4.8941430976558395 4.253790788706236 2.9005308131646172 2.6136778180876807 3.689152844429543 3.6312577317428603 3.8500907471554817 
4.959399415003001 3.092254031709993 4.81706299099356 4.8941430976558395 4.253790788706236 2.9005308131646172 2.6136778180876807 3.689152844429543 3.6312577317428603 3.8500907471554817 
4.959399415003001 3.092254031709993 4.81706299099356 4.8941430976558395 4.253790788706236 2.9005308131646172 2.6136778180876807 3.689152844429543 3.6312577317428603 3.8500907471554817 
4.959399415003001 3.092254031709993 4.81706299099356 4.8941430976558395 4.253790788706236 2.9005308131646172 2.6136778180876807 3.689152844429543 3.6312577317428603 3.8500907471554817 
4.959399415003001 3.092254031709993 4.81706299099356 4.8941430976558395 4.253790788706236 2.9005308131646172 2.6136778180876807 3.689152844429543 3.6312577317428603 3.8500907471554817 
4.959399415003001 3.092254031709993 4.81706299099356 4.8941430976558395 4.253790788706236 2.9005308131646172 2.6136778180876807 3.689152844429543 3.6312577317428603 3.8500907471554817 
4.959399415003001 3.092254031709993 4.81706299099356 4.8941430976558395 4.253790788706236 2.9005308131646172 2.6136778180876807 3.689152844429543 3.6312577317428603 3.8500907471554817 
4.959399415003001 3.092254031709993 4.81706299099356 4.8941430976558395 4.253790788706236 2.9005308131646172 2.6136778180876807 3.689152844429543 3.6312577317428603 3.8500907471554817 
4.959399415003001 3.092254031709993 4.81706299099356 4.8941430976558395 4.253790788706236 2.9005308131646172 2.6136778180876807 3.689152844429543 3.6312577317428603 3.8500907471554817 
4.959399415003001 3.092254031709993 4.81706299099356 4.8941430976558395 4.253790788706236 2.9005308131646172 2.6136778180876807 3.689152844429543 3.6312577317428603 3.8500907471554817 
4.959399415003001 3.092254031709993 4.81706299099356 4.8941430976558395 4.253790788706236 2.9005308131646172 2.6136778180876807 3.689152844429543 3.6312577317428603 3.8500907471554817 
4.959399415003001 4.456678567310921 4.81706299099356 4.8941430976558395 4.253790788706236 2.9005308131646172 2.6136778180876807 3.689152844429543 3.6312577317428603 3.8500907471554817 
4.959399415003001 4.456678567310921 4.81706299099356 4.8941430976558395 4.253790788706236 2.9005308131646172 2.6136778180876807 3.689152844429543 3.6312577317428603 3.8500907471554817 
4.959399415003001 4.456678567310921 4.81706299099356 4.8941430976558395 4.253790788706236 2.9005308131646172 2.6136778180876807 3.689152844429543 3.6312577317428603 3.8500907471554817 
4.959399415003001 4.456678567310921 4.81706299099356 4.8941430976558395 4.253790788706236 2.9005308131646172 2.6136778180876807 3.689152844429543 3.6312577317428603 3.8500907471554817 
4.959399415003001 4.456678567310921 4.81706299099356 4.8941430976558395 4.253790788706236 2.9005308131646172 2.6136778180876807 3.689152844429543 3.6312577317428603 3.8500907471554817 
4.959399415003001 4.456678567310921 4.81706299099356 4.8941430976558395 4.253790788706236 2.9005308131646172 2.6136778180876807 3.689152844429543 3.6312577317428603 3.8500907471554817 
4.959399415003001 4.456678567310921 4.81706299099356 4.8941430976558395 4.253790788706236 2.9005308131646172 2.6136778180876807 3.689152844429543 3.6312577317428603 3.8500907471554817 
4.959399415003001 4.456678567310921 4.81706299099356 4.8941430976558395 4.253790788706236 2.9005308131646172 2.6136778180876807 3.689152844429543 3.6312577317428603 3.8500907471554817 
4.959399415003001 4.456678567310921 4.81706299099356 4.8941430976558395 4.253790788706236 2.9005308131646172 2.6136778180876807 3.689152844429543 3.6312577317428603 3.8500907471554817 
4.959399415003001 4.456678567310921 4.81706299099356 4.8941430976558395 4.253790788706236 2.9005308131646172 2.6136778180876807 3.689152844429543 3.6312577317428603 3.8500907471554817 
4.959399415003001 4.456678567310921 4.81706299099356 4.8941430976558395 4.253790788706236 2.9005308131646172 2.6136778180876807 3.689152844429543 3.6312577317428603 3.8500907471554817 
4.959399415003001 4.456678567310921 4.81706299099356 4.8941430976558395 4.253790788706236 2.9005308131646172 2.6136778180876807 3.689152844429543 3.6312577317428603 3.8500907471554817 
4.959399415003001 4.456678567310921 4.81706299099356 4.8941430976558395 4.253790788706236 2.9005308131646172 2.6136778180876807 3.689152844429543 3.6312577317428603 3.8500907471554817 
4.959399415003001 4.456678567310921 4.81706299099356 4.8941430976558395 4.253790788706236 2.9005308131646172 2.6136778180876807 3.689152844429543 3.6312577317428603 3.8500907471554817 
4.959399415003001 4.456678567310921 4.81706299099356 4.8941430976558395 4.253790788706236 2.9005308131646172 2.6136778180876807 3.689152844429543 3.6312577317428603 3.8500907471554817 
4.959399415003001 4.456678567310921 4.81706299099356 4.8941430976558395 4.253790788706236 2.9005308131646172 2.6136778180876807 3.689152844429543 3.6312577317428603 3.8500907471554817 
4.959399415003001 4.456678567310921 4.81706299099356 4.8941430976558395 4.253790788706236 2.9005308131646172 2.6136778180876807 3.689152844429543 3.6312577317428603 3.8500907471554817 
4.959399415003001 4.456678567310921 4.81706299099356 4.8941430976558395 4.253790788706236 2.9005308131646172 2.6136778180876807 3.689152844429543 3.6312577317428603 3.8500907471554817 
4.959399415003001 4.456678567310921 4.81706299099356 4.8941430976558395 4.253790788706236 2.9005308131646172 2.6136778180876807 3.689152844429543 3.6312577317428603 3.8500907471554817 
4.959399415003001 4.456678567310921 4.81706299099356 4.8941430976558395 4.253790788706236 2.9005308131646172 2.6136778180876807 3.689152844429543 3.6312577317428603 3.8500907471554817 
4.959399415003001 4.456678567310921 4.81706299099356 4.8941430976558395 4.253790788706236 2.9005308131646172 2.6136778180876807 3.689152844429543 3.6312577317428603 3.8500907471554817 
4.959399415003001 4.456678567310921 4.81706299099356 4.8941430976558395 4.253790788706236 2.9005308131646172 2.6136778180876807 3.689152844429543 3.6312577317428603 3.8500907471554817 
4.959399415003001 4.456678567310921 4.81706299099356 4.8941430976558395 4.253790788706236 2.9005308131646172 2.6136778180876807 3.689152844429543 3.6312577317428603 3.8500907471554817 
4.959399415003001 4.456678567310921 4.81706299099356 4.8941430976558395 4.253790788706236 2.9005308131646172 2.6136778180876807 3.689152844429543 3.6312577317428603 3.8500907471554817 
4.959399415003001 4.456678567310921 4.81706299099356 4.8941430976558395 4.253790788706236 2.9005308131646172 2.6136778180876807 3.689152844429543 3.6312577317428603 3.8500907471554817 
4.959399415003001 4.456678567310921 4.81706299099356 4.8941430976558395 4.253790788706236 2.9005308131646172 2.6136778180876807 3.689152844429543 3.6312577317428603 3.8500907471554817 
4.959399415003001 4.456678567310921 4.81706299099356 4.8941430976558395 4.253790788706236 2.9005308131646172 2.6136778180876807 3.689152844429543 3.733770444456714 3.8500907471554817 
4.959399415003001 4.456678567310921 4.81706299099356 4.8941430976558395 4.253790788706236 2.9005308131646172 2.6136778180876807 3.689152844429543 3.733770444456714 3.8500907471554817 
4.959399415003001 4.456678567310921 4.81706299099356 4.8941430976558395 4.253790788706236 2.9005308131646172 2.6136778180876807 3.689152844429543 3.733770444456714 3.8500907471554817 
4.959399415003001 4.456678567310921 4.81706299099356 4.8941430976558395 4.253790788706236 2.9005308131646172 2.6136778180876807 3.689152844429543 3.733770444456714 3.8500907471554817 
4.959399415003001 4.456678567310921 4.81706299099356 4.8941430976558395 4.253790788706236 2.9005308131646172 2.6136778180876807 3.689152844429543 3.733770444456714 3.8500907471554817 
4.959399415003001 4.456678567310921 4.81706299099356 4.8941430976558395 4.253790788706236 2.9005308131646172 2.6136778180876807 3.689152844429543 3.733770444456714 3.8500907471554817 
4.959399415003001 4.456678567310921 4.81706299099356 4.8941430976558395 4.253790788706236 2.9005308131646172 2.6136778180876807 3.689152844429543 3.733770444456714 3.8500907471554817 
4.959399415003001 4.456678567310921 4.81706299099356 4.8941430976558395 4.253790788706236 2.9005308131646172 2.6136778180876807 3.689152844429543 3.733770444456714 3.8500907471554817 
4.959399415003001 4.456678567310921 4.81706299099356 4.8941430976558395 4.253790788706236 2.9005308131646172 2.6136778180876807 3.689152844429543 3.733770444456714 3.8500907471554817 
4.959399415003001 4.456678567310921 4.81706299099356 4.8941430976558395 4.253790788706236 2.9005308131646172 2.6136778180876807 3.689152844429543 3.733770444456714 3.8500907471554817 
4.959399415003001 4.456678567310921 4.81706299099356 4.8941430976558395 4.253790788706236 2.9005308131646172 2.6136778180876807 3.689152844429543 3.733770444456714 3.8500907471554817 
4.959399415003001 4.456678567310921 4.81706299099356 4.8941430976558395 4.253790788706236 2.9005308131646172 2.6136778180876807 3.689152844429543 3.733770444456714 3.8500907471554817 
4.959399415003001 4.456678567310921 4.81706299099356 4.8941430976558395 4.253790788706236 2.9005308131646172 2.6136778180876807 3.689152844429543 3.733770444456714 3.8500907471554817 
4.959399415003001 4.456678567310921 4.81706299099356 4.8941430976558395 4.253790788706236 2.9005308131646172 2.6136778180876807 3.689152844429543 3.733770444456714 3.8500907471554817 
4.959399415003001 4.456678567310921 4.81706299099356 4.8941430976558395 4.253790788706236 2.9005308131646172 2.6136778180876807 3.689152844429543 3.733770444456714 3.8500907471554817 
4.959399415003001 4.456678567310921 4.81706299099356 4.8941430976558395 4.253790788706236 2.9005308131646172 2.6136778180876807 3.689152844429543 3.733770444456714 3.8500907471554817 
4.959399415003001 4.456678567310921 4.81706299099356 4.8941430976558395 4.253790788706236 2.9005308131646172 2.6136778180876807 3.689152844429543 3.733770444456714 3.8500907471554817 
4.959399415003001 4.456678567310921 4.81706299099356 4.8941430976558395 4.253790788706236 2.9005308131646172 2.6136778180876807 3.689152844429543 3.733770444456714 3.8500907471554817 
4.959399415003001 4.456678567310921 4.81706299099356 4.8941430976558395 4.253790788706236 2.9005308131646172 2.6136778180876807 3.689152844429543 3.733770444456714 3.8500907471554817 
4.959399415003001 4.456678567310921 4.81706299099356 4.8941430976558395 4.253790788706236 2.9005308131646172 2.6136778180876807 3.689152844429543 3.733770444456714 3.8500907471554817 
4.959399415003001 4.456678567310921 4.81706299099356 4.8941430976558395 4.253790788706236 2.9005308131646172 2.6136778180876807 3.689152844429543 3.733770444456714 3.8500907471554817 
4.959399415003001 4.456678567310921 4.81706299099356 4.8941430976558395 4.253790788706236 2.9005308131646172 2.6136778180876807 3.689152844429543 3.733770444456714 3.8500907471554817 
4.959399415003001 4.456678567310921 4.81706299099356 4.8941430976558395 4.253790788706236 2.9005308131646172 2.6136778180876807 3.689152844429543 3.733770444456714 3.8500907471554817 
4.959399415003001 4.456678567310921 4.81706299099356 4.8941430976558395 4.253790788706236 2.9005308131646172 2.6136778180876807 3.689152844429543 3.733770444456714 3.8500907471554817 
4.959399415003001 4.456678567310921 4.81706299099356 4.8941430976558395 4.253790788706236 2.9005308131646172 2.6136778180876807 3.689152844429543 3.733770444456714 3.8500907471554817 
4.959399415003001 4.456678567310921 4.81706299099356 4.8941430976558395 4.253790788706236 2.9005308131646172 2.6136778180876807 3.689152844429543 3.733770444456714 3.8500907471554817 
4.959399415003001 4.456678567310921 4.81706299099356 4.8941430976558395 4.253790788706236 2.9005308131646172 2.6136778180876807 3.689152844429543 3.733770444456714 3.8500907471554817 
4.959399415003001 4.456678567310921 4.81706299099356 4.8941430976558395 4.253790788706236 2.9005308131646172 2.6136778180876807 3.689152844429543 3.733770444456714 3.8500907471554817 
4.959399415003001 4.456678567310921 4.81706299099356 4.8941430976558395 4.253790788706236 2.9005308131646172 2.6136778180876807 3.689152844429543 3.733770444456714 3.8500907471554817 
4.959399415003001 4.456678567310921 4.81706299099356 4.8941430976558395 4.253790788706236 2.9005308131646172 2.6136778180876807 3.689152844429543 3.733770444456714 3.8500907471554817 
4.959399415003001 4.456678567310921 4.81706299099356 4.8941430976558395 4.253790788706236 2.9005308131646172 2.6136778180876807 3.689152844429543 3.733770444456714 3.8500907471554817 
4.959399415003001 4.456678567310921 4.81706299099356 4.8941430976558395 4.253790788706236 2.9005308131646172 2.6136778180876807 3.689152844429543 3.733770444456714 3.8500907471554817 
4.959399415003001 4.456678567310921 4.81706299099356 4.8941430976558395 4.253790788706236 2.9005308131646172 2.6136778180876807 3.689152844429543 3.733770444456714 3.8500907471554817 
4.959399415003001 4.456678567310921 4.81706299099356 4.8941430976558395 4.253790788706236 2.9005308131646172 2.6136778180876807 3.689152844429543 3.733770444456714 3.8500907471554817 
4.959399415003001 4.456678567310921 4.81706299099356 4.8941430976558395 4.253790788706236 2.9005308131646172 2.6136778180876807 3.689152844429543 3.733770444456714 3.8500907471554817 
4.959399415003001 4.456678567310921 4.81706299099356 4.8941430976558395 4.253790788706236 2.9005308131646172 2.6136778180876807 3.689152844429543 3.733770444456714 3.8500907471554817 
4.959399415003001 4.456678567310921 4.81706299099356 4.8941430976558395 4.253790788706236 2.9005308131646172 2.6136778180876807 3.689152844429543 3.733770444456714 3.8500907471554817 
4.959399415003001 4.456678567310921 4.81706299099356 4.8941430976558395 4.253790788706236 2.9005308131646172 2.6136778180876807 3.689152844429543 3.733770444456714 3.8500907471554817 
4.959399415003001 4.456678567310921 4.81706299099356 4.8941430976558395 4.253790788706236 2.9005308131646172 2.6136778180876807 3.689152844429543 3.733770444456714 3.8500907471554817 
4.959399415003001 4.456678567310921 4.81706299099356 4.8941430976558395 4.253790788706236 2.9005308131646172 2.6136778180876807 3.689152844429543 3.733770444456714 3.8500907471554817 
4.959399415003001 4.456678567310921 4.81706299099356 4.8941430976558395 4.253790788706236 2.9005308131646172 2.6136778180876807 3.689152844429543 3.733770444456714 3.8500907471554817 
4.959399415003001 4.456678567310921 4.81706299099356 4.8941430976558395 4.253790788706236 2.9005308131646172 2.6136778180876807 3.689152844429543 3.733770444456714 3.8500907471554817 
4.959399415003001 4.456678567310921 4.81706299099356 4.8941430976558395 4.253790788706236 2.9005308131646172 2.6136778180876807 3.689152844429543 3.733770444456714 3.8500907471554817 
4.959399415003001 4.456678567310921 4.81706299099356 4.8941430976558395 4.253790788706236 2.9005308131646172 2.6136778180876807 3.689152844429543 3.733770444456714 3.8500907471554817 
4.959399415003001 4.456678567310921 4.81706299099356 4.8941430976558395 4.253790788706236 2.9005308131646172 2.6136778180876807 3.689152844429543 3.733770444456714 3.8500907471554817 
4.959399415003001 4.456678567310921 4.81706299099356 4.8941430976558395 4.253790788706236 2.9005308131646172 2.6136778180876807 3.689152844429543 3.733770444456714 3.8500907471554817 
4.959399415003001 4.456678567310921 4.81706299099356 4.8941430976558395 4.253790788706236 2.9005308131646172 2.6136778180876807 3.689152844429543 3.733770444456714 3.8500907471554817 
4.959399415003001 4.456678567310921 4.81706299099356 4.8941430976558395 4.253790788706236 2.9005308131646172 2.6136778180876807 3.689152844429543 3.733770444456714 3.8500907471554817 
4.959399415003001 4.456678567310921 4.81706299099356 4.8941430976558395 4.253790788706236 2.9005308131646172 2.6136778180876807 3.689152844429543 4.157723605711604 3.8500907471554817 
4.959399415003001 4.456678567310921 4.81706299099356 4.8941430976558395 4.253790788706236 2.9005308131646172 2.6136778180876807 3.689152844429543 4.157723605711604 3.8500907471554817 
4.959399415003001 4.456678567310921 4.81706299099356 4.8941430976558395 4.253790788706236 2.9005308131646172 2.6136778180876807 3.689152844429543 4.157723605711604 3.8500907471554817 
4.959399415003001 4.456678567310921 4.81706299099356 4.8941430976558395 4.253790788706236 2.9005308131646172 2.6136778180876807 3.689152844429543 4.157723605711604 3.8500907471554817 
4.959399415003001 4.456678567310921 4.81706299099356 4.8941430976558395 4.253790788706236 2.9005308131646172 2.6136778180876807 3.689152844429543 4.157723605711604 3.8500907471554817 
4.959399415003001 4.456678567310921 4.81706299099356 4.8941430976558395 4.253790788706236 2.9005308131646172 2.6136778180876807 3.689152844429543 4.157723605711604 3.8500907471554817 
4.959399415003001 4.456678567310921 4.81706299099356 4.8941430976558395 4.253790788706236 2.9005308131646172 2.6136778180876807 3.689152844429543 4.157723605711604 3.8500907471554817 
4.959399415003001 4.456678567310921 4.81706299099356 4.8941430976558395 4.253790788706236 2.9005308131646172 2.6136778180876807 3.689152844429543 4.157723605711604 3.8500907471554817 
4.959399415003001 4.456678567310921 4.81706299099356 4.8941430976558395 4.253790788706236 2.9005308131646172 2.6136778180876807 3.689152844429543 4.157723605711604 3.8500907471554817 
4.959399415003001 4.456678567310921 4.81706299099356 4.8941430976558395 4.253790788706236 2.9005308131646172 2.6136778180876807 3.689152844429543 4.157723605711604 3.8500907471554817 
4.959399415003001 4.456678567310921 4.81706299099356 4.8941430976558395 4.253790788706236 2.9005308131646172 2.6136778180876807 3.689152844429543 4.157723605711604 3.8500907471554817 
4.959399415003001 4.456678567310921 4.81706299099356 4.8941430976558395 4.253790788706236 2.9005308131646172 2.6136778180876807 3.689152844429543 4.157723605711604 3.8500907471554817 
4.959399415003001 4.456678567310921 4.81706299099356 4.8941430976558395 4.253790788706236 2.9005308131646172 2.6136778180876807 3.689152844429543 4.157723605711604 3.8500907471554817 
4.959399415003001 4.456678567310921 4.81706299099356 4.8941430976558395 4.253790788706236 3.6118957906994384 2.6136778180876807 3.689152844429543 4.157723605711604 3.8500907471554817 
4.959399415003001 4.456678567310921 4.81706299099356 4.8941430976558395 4.253790788706236 3.6118957906994384 2.6136778180876807 3.689152844429543 4.157723605711604 3.8500907471554817 
4.959399415003001 4.456678567310921 4.81706299099356 4.8941430976558395 4.253790788706236 3.6118957906994384 2.6136778180876807 3.689152844429543 4.157723605711604 3.8500907471554817 
4.959399415003001 4.456678567310921 4.81706299099356 4.8941430976558395 4.253790788706236 3.6118957906994384 2.6136778180876807 3.689152844429543 4.157723605711604 3.8500907471554817 
4.959399415003001 4.456678567310921 4.81706299099356 4.8941430976558395 4.253790788706236 3.6118957906994384 2.6136778180876807 3.689152844429543 4.157723605711604 3.8500907471554817 
4.959399415003001 4.456678567310921 4.81706299099356 4.8941430976558395 4.253790788706236 3.6118957906994384 2.6136778180876807 3.689152844429543 4.157723605711604 3.8500907471554817 
4.959399415003001 4.456678567310921 4.81706299099356 4.8941430976558395 4.253790788706236 3.6118957906994384 2.6136778180876807 3.689152844429543 4.157723605711604 3.8500907471554817 
4.959399415003001 4.456678567310921 4.81706299099356 4.8941430976558395 4.253790788706236 3.6118957906994384 2.6136778180876807 3.689152844429543 4.157723605711604 3.8500907471554817 
4.959399415003001 4.456678567310921 4.81706299099356 4.8941430976558395 4.253790788706236 3.6118957906994384 2.6136778180876807 3.689152844429543 4.157723605711604 3.8500907471554817 
4.959399415003001 4.456678567310921 4.81706299099356 4.8941430976558395 4.253790788706236 3.6118957906994384 2.6136778180876807 3.689152844429543 4.157723605711604 3.8500907471554817 
4.959399415003001 4.456678567310921 4.81706299099356 4.8941430976558395 4.253790788706236 3.6118957906994384 2.6136778180876807 3.689152844429543 4.157723605711604 3.8500907471554817 
4.959399415003001 4.456678567310921 4.81706299099356 4.8941430976558395 4.253790788706236 3.6118957906994384 2.6136778180876807 3.689152844429543 4.157723605711604 3.8500907471554817 
4.959399415003001 4.456678567310921 4.81706299099356 4.8941430976558395 4.253790788706236 3.6118957906994384 2.6136778180876807 3.689152844429543 4.157723605711604 3.8500907471554817 
4.959399415003001 4.456678567310921 4.81706299099356 4.8941430976558395 4.253790788706236 3.6118957906994384 2.6136778180876807 3.689152844429543 4.157723605711604 3.8500907471554817 
4.959399415003001 4.456678567310921 4.81706299099356 4.8941430976558395 4.253790788706236 3.6118957906994384 2.6136778180876807 3.689152844429543 4.157723605711604 3.8500907471554817 
4.959399415003001 4.456678567310921 4.81706299099356 4.8941430976558395 4.253790788706236 3.6118957906994384 2.6136778180876807 3.689152844429543 4.157723605711604 3.8500907471554817 
4.959399415003001 4.456678567310921 4.81706299099356 4.8941430976558395 4.253790788706236 3.6118957906994384 2.6136778180876807 3.689152844429543 4.157723605711604 3.8500907471554817 
4.959399415003001 4.456678567310921 4.81706299099356 4.8941430976558395 4.253790788706236 3.6118957906994384 2.6136778180876807 3.689152844429543 4.157723605711604 3.8500907471554817 
4.959399415003001 4.456678567310921 4.81706299099356 4.8941430976558395 4.253790788706236 3.6118957906994384 2.6136778180876807 3.689152844429543 4.157723605711604 3.8500907471554817 
4.959399415003001 4.456678567310921 4.81706299099356 4.8941430976558395 4.253790788706236 3.6118957906994384 2.6136778180876807 3.689152844429543 4.157723605711604 3.8500907471554817 
4.959399415003001 4.456678567310921 4.81706299099356 4.8941430976558395 4.253790788706236 3.6118957906994384 2.6136778180876807 3.689152844429543 4.157723605711604 3.8500907471554817 
4.959399415003001 4.456678567310921 4.81706299099356 4.8941430976558395 4.253790788706236 3.6118957906994384 2.6136778180876807 3.689152844429543 4.157723605711604 3.8500907471554817 
4.959399415003001 4.456678567310921 4.81706299099356 4.8941430976558395 4.253790788706236 3.6118957906994384 2.6136778180876807 3.689152844429543 4.157723605711604 3.8500907471554817 
4.959399415003001 4.456678567310921 4.81706299099356 4.8941430976558395 4.253790788706236 3.6118957906994384 2.6136778180876807 3.689152844429543 4.157723605711604 3.8500907471554817 
4.959399415003001 4.456678567310921 4.81706299099356 4.8941430976558395 4.253790788706236 3.6118957906994384 2.6136778180876807 3.689152844429543 4.157723605711604 3.8500907471554817 
4.959399415003001 4.456678567310921 4.81706299099356 4.8941430976558395 4.253790788706236 3.6118957906994384 2.6136778180876807 3.689152844429543 4.157723605711604 3.8500907471554817 
4.959399415003001 4.456678567310921 4.81706299099356 4.8941430976558395 4.253790788706236 3.6118957906994384 2.6136778180876807 3.689152844429543 4.157723605711604 3.8500907471554817 
4.959399415003001 4.456678567310921 4.81706299099356 4.8941430976558395 4.253790788706236 3.6118957906994384 2.6136778180876807 3.689152844429543 4.157723605711604 3.8500907471554817 
4.959399415003001 4.456678567310921 4.81706299099356 4.8941430976558395 4.253790788706236 3.6118957906994384 2.6136778180876807 3.689152844429543 4.157723605711604 3.8500907471554817 
4.959399415003001 4.456678567310921 4.81706299099356 4.8941430976558395 4.253790788706236 3.6118957906994384 2.6136778180876807 3.689152844429543 4.157723605711604 3.8500907471554817 
4.959399415003001 4.456678567310921 4.81706299099356 4.8941430976558395 4.253790788706236 3.6118957906994384 2.6136778180876807 3.689152844429543 4.157723605711604 3.8500907471554817 
4.959399415003001 4.456678567310921 4.81706299099356 4.8941430976558395 4.253790788706236 3.6118957906994384 2.6136778180876807 3.689152844429543 4.157723605711604 3.8500907471554817 
4.959399415003001 4.456678567310921 4.81706299099356 4.8941430976558395 4.253790788706236 3.6118957906994384 2.6136778180876807 3.689152844429543 4.157723605711604 3.8500907471554817 
4.959399415003001 4.456678567310921 4.81706299099356 4.8941430976558395 4.253790788706236 3.6118957906994384 2.6136778180876807 3.689152844429543 4.157723605711604 3.8500907471554817 
4.959399415003001 4.456678567310921 4.81706299099356 4.8941430976558395 4.253790788706236 3.6118957906994384 2.6136778180876807 3.689152844429543 4.157723605711604 3.8500907471554817 
4.959399415003001 4.456678567310921 4.81706299099356 4.8941430976558395 4.253790788706236 3.6118957906994384 2.6136778180876807 3.689152844429543 4.157723605711604 3.8500907471554817 
4.959399415003001 4.456678567310921 4.81706299099356 4.8941430976558395 4.253790788706236 3.6118957906994384 2.6136778180876807 3.689152844429543 4.157723605711604 3.8500907471554817 
4.959399415003001 4.456678567310921 4.81706299099356 4.8941430976558395 4.253790788706236 3.6118957906994384 2.6136778180876807 3.689152844429543 4.157723605711604 3.8500907471554817 
4.959399415003001 4.456678567310921 4.81706299099356 4.8941430976558395 4.253790788706236 3.6118957906994384 2.6136778180876807 3.689152844429543 4.157723605711604 3.8500907471554817 
4.959399415003001 4.456678567310921 4.81706299099356 4.8941430976558395 4.253790788706236 3.6118957906994384 2.6136778180876807 3.689152844429543 4.157723605711604 3.8500907471554817 
4.959399415003001 4.456678567310921 4.81706299099356 4.8941430976558395 4.253790788706236 3.6118957906994384 2.6136778180876807 3.689152844429543 4.157723605711604 3.8500907471554817 
4.959399415003001 4.456678567310921 4.81706299099356 4.8941430976558395 4.253790788706236 3.6118957906994384 2.6136778180876807 3.689152844429543 4.157723605711604 3.8500907471554817 
4.959399415003001 4.456678567310921 4.81706299099356 4.8941430976558395 4.253790788706236 3.6118957906994384 2.6136778180876807 3.689152844429543 4.157723605711604 3.8500907471554817 
4.959399415003001 4.456678567310921 4.81706299099356 4.8941430976558395 4.253790788706236 3.6118957906994384 2.6136778180876807 3.689152844429543 4.157723605711604 3.8500907471554817 
4.959399415003001 4.456678567310921 4.81706299099356 4.8941430976558395 4.253790788706236 3.6118957906994384 2.6136778180876807 3.689152844429543 4.157723605711604 3.8500907471554817 
4.959399415003001 4.456678567310921 4.81706299099356 4.8941430976558395 4.253790788706236 3.6118957906994384 2.6136778180876807 3.689152844429543 4.157723605711604 3.8500907471554817 
4.959399415003001 4.456678567310921 4.81706299099356 4.8941430976558395 4.253790788706236 3.6118957906994384 2.6136778180876807 3.689152844429543 4.157723605711604 3.8500907471554817 
4.959399415003001 4.456678567310921 4.81706299099356 4.8941430976558395 4.253790788706236 3.6118957906994384 2.6136778180876807 3.689152844429543 4.157723605711604 3.8500907471554817 
4.959399415003001 4.456678567310921 4.81706299099356 4.8941430976558395 4.253790788706236 3.6118957906994384 2.6136778180876807 3.689152844429543 4.157723605711604 3.8500907471554817 
4.959399415003001 4.456678567310921 4.81706299099356 4.8941430976558395 4.253790788706236 3.6816172723319425 2.6136778180876807 3.689152844429543 4.157723605711604 3.8500907471554817 
4.959399415003001 4.456678567310921 4.81706299099356 4.8941430976558395 4.253790788706236 3.6816172723319425 2.6136778180876807 3.689152844429543 4.157723605711604 3.8500907471554817 
4.959399415003001 4.456678567310921 4.81706299099356 4.8941430976558395 4.253790788706236 3.6816172723319425 2.6136778180876807 3.689152844429543 4.157723605711604 3.8500907471554817 
4.959399415003001 4.456678567310921 4.81706299099356 4.8941430976558395 4.253790788706236 3.6816172723319425 2.6136778180876807 3.689152844429543 4.157723605711604 3.8500907471554817 
4.959399415003001 4.456678567310921 4.81706299099356 4.8941430976558395 4.253790788706236 3.6816172723319425 2.6136778180876807 3.689152844429543 4.157723605711604 3.8500907471554817 
4.959399415003001 4.456678567310921 4.81706299099356 4.8941430976558395 4.253790788706236 3.6816172723319425 2.6136778180876807 3.689152844429543 4.157723605711604 3.8500907471554817 
4.959399415003001 4.456678567310921 4.81706299099356 4.8941430976558395 4.253790788706236 3.6816172723319425 2.6136778180876807 3.689152844429543 4.157723605711604 3.8500907471554817 
4.959399415003001 4.456678567310921 4.81706299099356 4.8941430976558395 4.253790788706236 3.6816172723319425 2.6136778180876807 3.689152844429543 4.157723605711604 3.8500907471554817 
4.959399415003001 4.456678567310921 4.81706299099356 4.8941430976558395 4.253790788706236 3.6816172723319425 2.6136778180876807 3.689152844429543 4.157723605711604 3.8500907471554817 
4.959399415003001 4.456678567310921 4.81706299099356 4.8941430976558395 4.253790788706236 3.6816172723319425 2.6136778180876807 3.689152844429543 4.157723605711604 3.8500907471554817 
4.959399415003001 4.456678567310921 4.81706299099356 4.8941430976558395 4.253790788706236 3.6816172723319425 2.6136778180876807 3.689152844429543 4.157723605711604 3.8500907471554817 
4.959399415003001 4.456678567310921 4.81706299099356 4.8941430976558395 4.253790788706236 3.6816172723319425 2.6136778180876807 3.689152844429543 4.157723605711604 3.8500907471554817 
4.959399415003001 4.456678567310921 4.81706299099356 4.8941430976558395 4.253790788706236 3.6816172723319425 2.6136778180876807 3.689152844429543 4.157723605711604 3.8500907471554817 
4.959399415003001 4.456678567310921 4.81706299099356 4.8941430976558395 4.253790788706236 3.6816172723319425 2.6136778180876807 3.689152844429543 4.157723605711604 3.8500907471554817 
4.959399415003001 4.456678567310921 4.81706299099356 4.8941430976558395 4.253790788706236 3.6816172723319425 2.6136778180876807 3.689152844429543 4.157723605711604 3.8500907471554817 
4.959399415003001 4.456678567310921 4.81706299099356 4.8941430976558395 4.253790788706236 3.6816172723319425 2.6136778180876807 3.689152844429543 4.157723605711604 3.8500907471554817 
4.959399415003001 4.456678567310921 4.81706299099356 4.8941430976558395 4.253790788706236 3.6816172723319425 2.6136778180876807 3.689152844429543 4.157723605711604 3.8500907471554817 
4.959399415003001 4.456678567310921 4.81706299099356 4.8941430976558395 4.253790788706236 3.6816172723319425 2.6136778180876807 3.689152844429543 4.157723605711604 3.8500907471554817 
4.959399415003001 4.456678567310921 4.81706299099356 4.8941430976558395 4.253790788706236 3.6816172723319425 2.6136778180876807 3.689152844429543 4.157723605711604 3.8500907471554817 
4.959399415003001 4.456678567310921 4.81706299099356 4.8941430976558395 4.253790788706236 3.6816172723319425 2.6136778180876807 3.689152844429543 4.157723605711604 3.8500907471554817 
4.959399415003001 4.456678567310921 4.81706299099356 4.8941430976558395 4.253790788706236 3.6816172723319425 2.6136778180876807 3.689152844429543 4.157723605711604 3.8500907471554817 
4.959399415003001 4.456678567310921 4.81706299099356 4.8941430976558395 4.253790788706236 3.6816172723319425 2.6136778180876807 3.689152844429543 4.157723605711604 3.8500907471554817 
4.959399415003001 4.456678567310921 4.81706299099356 4.8941430976558395 4.253790788706236 3.6816172723319425 2.6136778180876807 3.689152844429543 4.157723605711604 3.8500907471554817 
4.959399415003001 4.456678567310921 4.81706299099356 4.8941430976558395 4.253790788706236 3.6816172723319425 2.6136778180876807 3.689152844429543 4.157723605711604 3.8500907471554817 
4.959399415003001 4.456678567310921 4.81706299099356 4.8941430976558395 4.253790788706236 3.6816172723319425 2.6136778180876807 3.689152844429543 4.157723605711604 3.8500907471554817 
4.959399415003001 4.456678567310921 4.81706299099356 4.8941430976558395 4.253790788706236 3.6816172723319425 2.6136778180876807 3.689152844429543 4.157723605711604 3.8500907471554817 
4.959399415003001 4.456678567310921 4.81706299099356 4.8941430976558395 4.253790788706236 3.6816172723319425 2.6136778180876807 3.689152844429543 4.157723605711604 3.8500907471554817 
4.959399415003001 4.456678567310921 4.81706299099356 4.8941430976558395 4.253790788706236 3.6816172723319425 2.6136778180876807 3.689152844429543 4.157723605711604 3.8500907471554817 
4.959399415003001 4.456678567310921 4.81706299099356 4.8941430976558395 4.253790788706236 3.6816172723319425 2.6136778180876807 3.689152844429543 4.157723605711604 3.8500907471554817 
4.959399415003001 4.456678567310921 4.81706299099356 4.8941430976558395 4.253790788706236 3.6816172723319425 2.6136778180876807 3.689152844429543 4.157723605711604 3.8500907471554817 
4.959399415003001 4.456678567310921 4.81706299099356 4.8941430976558395 4.253790788706236 3.6816172723319425 2.6136778180876807 3.689152844429543 4.157723605711604 3.8500907471554817 
4.959399415003001 4.456678567310921 4.81706299099356 4.8941430976558395 4.253790788706236 3.6816172723319425 2.6136778180876807 3.689152844429543 4.157723605711604 3.8500907471554817 
4.959399415003001 4.456678567310921 4.81706299099356 4.8941430976558395 4.253790788706236 3.6816172723319425 2.6136778180876807 3.689152844429543 4.157723605711604 3.8500907471554817 
4.959399415003001 4.456678567310921 4.81706299099356 4.8941430976558395 4.253790788706236 3.6816172723319425 2.6136778180876807 3.689152844429543 4.157723605711604 3.8500907471554817 
4.959399415003001 4.456678567310921 4.81706299099356 4.8941430976558395 4.253790788706236 3.6816172723319425 2.6136778180876807 3.689152844429543 4.157723605711604 3.8500907471554817 
4.959399415003001 4.456678567310921 4.81706299099356 4.8941430976558395 4.253790788706236 3.6816172723319425 2.6136778180876807 3.689152844429543 4.157723605711604 3.8500907471554817 
4.959399415003001 4.456678567310921 4.81706299099356 4.8941430976558395 4.253790788706236 3.6816172723319425 2.6136778180876807 3.689152844429543 4.157723605711604 3.8500907471554817 
4.959399415003001 4.456678567310921 4.81706299099356 4.8941430976558395 4.253790788706236 3.6816172723319425 2.6136778180876807 3.689152844429543 4.157723605711604 3.8500907471554817 
4.959399415003001 4.456678567310921 4.81706299099356 4.8941430976558395 4.253790788706236 3.6816172723319425 2.6136778180876807 3.689152844429543 4.157723605711604 3.8500907471554817 
4.959399415003001 4.456678567310921 4.81706299099356 4.8941430976558395 4.253790788706236 3.6816172723319425 2.6136778180876807 3.689152844429543 4.157723605711604 3.8500907471554817 
4.959399415003001 4.456678567310921 4.81706299099356 4.8941430976558395 4.253790788706236 3.6816172723319425 2.6136778180876807 3.689152844429543 4.157723605711604 3.8500907471554817 
4.959399415003001 4.456678567310921 4.81706299099356 4.8941430976558395 4.253790788706236 3.6816172723319425 2.6136778180876807 3.689152844429543 4.157723605711604 3.8500907471554817 
4.959399415003001 4.456678567310921 4.81706299099356 4.8941430976558395 4.253790788706236 3.6816172723319425 2.6136778180876807 3.689152844429543 4.157723605711604 3.8500907471554817 
4.959399415003001 4.456678567310921 4.81706299099356 4.8941430976558395 4.253790788706236 3.6816172723319425 2.6136778180876807 3.689152844429543 4.157723605711604 3.8500907471554817 
4.959399415003001 4.456678567310921 4.81706299099356 4.8941430976558395 4.253790788706236 3.6816172723319425 2.6136778180876807 3.689152844429543 4.157723605711604 3.8500907471554817 
4.959399415003001 4.456678567310921 4.81706299099356 4.8941430976558395 4.253790788706236 3.6816172723319425 2.6136778180876807 3.689152844429543 4.157723605711604 3.8500907471554817 
4.959399415003001 4.456678567310921 4.81706299099356 4.8941430976558395 4.253790788706236 3.6816172723319425 2.6136778180876807 3.689152844429543 4.157723605711604 3.8500907471554817 
4.959399415003001 4.456678567310921 4.81706299099356 4.8941430976558395 4.253790788706236 3.6816172723319425 2.6136778180876807 3.689152844429543 4.157723605711604 3.8500907471554817 
4.959399415003001 4.456678567310921 4.81706299099356 4.8941430976558395 4.253790788706236 3.6816172723319425 2.6136778180876807 3.689152844429543 4.157723605711604 3.8500907471554817 
4.959399415003001 4.456678567310921 4.81706299099356 4.8941430976558395 4.253790788706236 3.6816172723319425 2.6136778180876807 3.689152844429543 4.157723605711604 3.8500907471554817 
4.959399415003001 4.456678567310921 4.81706299099356 4.8941430976558395 4.253790788706236 3.6816172723319425 2.6136778180876807 3.689152844429543 4.157723605711604 3.8500907471554817 
4.959399415003001 4.456678567310921 4.81706299099356 4.8941430976558395 4.253790788706236 3.6816172723319425 2.6136778180876807 3.954659287359585 4.157723605711604 3.8500907471554817 
4.959399415003001 4.456678567310921 4.81706299099356 4.8941430976558395 4.253790788706236 3.6816172723319425 2.6136778180876807 3.954659287359585 4.157723605711604 3.8500907471554817 
4.959399415003001 4.456678567310921 4.81706299099356 4.8941430976558395 4.253790788706236 3.6816172723319425 2.6136778180876807 3.954659287359585 4.157723605711604 3.8500907471554817 
4.959399415003001 4.456678567310921 4.81706299099356 4.8941430976558395 4.253790788706236 3.6816172723319425 2.6136778180876807 3.954659287359585 4.157723605711604 3.8500907471554817 
4.959399415003001 4.456678567310921 4.81706299099356 4.8941430976558395 4.253790788706236 3.6816172723319425 2.6136778180876807 3.954659287359585 4.157723605711604 3.8500907471554817 
4.959399415003001 4.456678567310921 4.81706299099356 4.8941430976558395 4.253790788706236 3.6816172723319425 2.6136778180876807 3.954659287359585 4.157723605711604 3.8500907471554817 
4.959399415003001 4.456678567310921 4.81706299099356 4.8941430976558395 4.253790788706236 3.6816172723319425 2.6136778180876807 3.954659287359585 4.157723605711604 3.8500907471554817 
4.959399415003001 4.456678567310921 4.81706299099356 4.8941430976558395 4.253790788706236 3.6816172723319425 2.6136778180876807 3.954659287359585 4.157723605711604 3.8500907471554817 
4.959399415003001 4.456678567310921 4.81706299099356 4.8941430976558395 4.253790788706236 3.6816172723319425 2.6136778180876807 3.954659287359585 4.157723605711604 3.8500907471554817 
4.959399415003001 4.456678567310921 4.81706299099356 4.8941430976558395 4.253790788706236 3.6816172723319425 2.6136778180876807 3.954659287359585 4.157723605711604 3.8500907471554817 
4.959399415003001 4.456678567310921 4.81706299099356 4.8941430976558395 4.253790788706236 3.6816172723319425 2.6136778180876807 3.954659287359585 4.157723605711604 3.8500907471554817 
4.959399415003001 4.456678567310921 4.81706299099356 4.8941430976558395 4.253790788706236 3.6816172723319425 2.6136778180876807 3.954659287359585 4.157723605711604 3.8500907471554817 
4.959399415003001 4.456678567310921 4.81706299099356 4.8941430976558395 4.253790788706236 3.6816172723319425 2.6136778180876807 3.954659287359585 4.157723605711604 3.8500907471554817 
4.959399415003001 4.456678567310921 4.81706299099356 4.8941430976558395 4.253790788706236 3.6816172723319425 2.6136778180876807 3.954659287359585 4.157723605711604 3.8500907471554817 
4.959399415003001 4.456678567310921 4.81706299099356 4.8941430976558395 4.253790788706236 3.6816172723319425 2.6136778180876807 3.954659287359585 4.157723605711604 3.8500907471554817 
4.959399415003001 4.456678567310921 4.81706299099356 4.8941430976558395 4.253790788706236 3.6816172723319425 2.6136778180876807 3.954659287359585 4.157723605711604 3.8500907471554817 
4.959399415003001 4.456678567310921 4.81706299099356 4.8941430976558395 4.253790788706236 3.6816172723319425 2.6136778180876807 3.954659287359585 4.157723605711604 3.8500907471554817 
4.959399415003001 4.456678567310921 4.81706299099356 4.8941430976558395 4.253790788706236 3.6816172723319425 2.6136778180876807 3.954659287359585 4.157723605711604 3.8500907471554817 
4.959399415003001 4.456678567310921 4.81706299099356 4.8941430976558395 4.932423986904307 3.6816172723319425 2.6136778180876807 3.954659287359585 4.157723605711604 3.8500907471554817 
4.959399415003001 4.456678567310921 4.81706299099356 4.8941430976558395 4.932423986904307 3.6816172723319425 2.6136778180876807 3.954659287359585 4.157723605711604 3.8500907471554817 
4.959399415003001 4.456678567310921 4.81706299099356 4.8941430976558395 4.932423986904307 3.6816172723319425 2.6136778180876807 3.954659287359585 4.157723605711604 3.8500907471554817 
4.959399415003001 4.456678567310921 4.81706299099356 4.8941430976558395 4.932423986904307 3.6816172723319425 2.6136778180876807 3.954659287359585 4.157723605711604 3.8500907471554817 
4.959399415003001 4.456678567310921 4.81706299099356 4.8941430976558395 4.932423986904307 3.6816172723319425 2.6136778180876807 3.954659287359585 4.157723605711604 3.8500907471554817 
4.959399415003001 4.456678567310921 4.81706299099356 4.8941430976558395 4.932423986904307 3.6816172723319425 2.6136778180876807 3.954659287359585 4.157723605711604 3.8500907471554817 
4.959399415003001 4.456678567310921 4.81706299099356 4.8941430976558395 4.932423986904307 3.6816172723319425 2.6136778180876807 3.954659287359585 4.157723605711604 3.8500907471554817 
4.959399415003001 4.456678567310921 4.81706299099356 4.8941430976558395 4.932423986904307 3.6816172723319425 2.6136778180876807 3.954659287359585 4.157723605711604 3.8500907471554817 
4.959399415003001 4.456678567310921 4.81706299099356 4.8941430976558395 4.932423986904307 3.6816172723319425 2.6136778180876807 3.954659287359585 4.157723605711604 3.8500907471554817 
4.959399415003001 4.456678567310921 4.81706299099356 4.8941430976558395 4.932423986904307 3.6816172723319425 2.6136778180876807 3.954659287359585 4.157723605711604 3.8500907471554817 
4.959399415003001 4.456678567310921 4.81706299099356 4.8941430976558395 4.932423986904307 3.6816172723319425 2.6136778180876807 3.954659287359585 4.157723605711604 3.8500907471554817 
4.959399415003001 4.456678567310921 4.81706299099356 4.8941430976558395 4.932423986904307 3.6816172723319425 2.6136778180876807 3.954659287359585 4.157723605711604 3.8500907471554817 
4.959399415003001 4.456678567310921 4.81706299099356 4.8941430976558395 4.932423986904307 3.6816172723319425 2.6136778180876807 3.954659287359585 4.157723605711604 3.8500907471554817 
4.959399415003001 4.456678567310921 4.81706299099356 4.8941430976558395 4.932423986904307 3.6816172723319425 2.6136778180876807 3.954659287359585 4.157723605711604 3.8500907471554817 
4.959399415003001 4.456678567310921 4.81706299099356 4.8941430976558395 4.932423986904307 3.6816172723319425 2.6136778180876807 3.954659287359585 4.157723605711604 3.8500907471554817 
4.959399415003001 4.456678567310921 4.81706299099356 4.8941430976558395 4.932423986904307 3.6816172723319425 2.6136778180876807 3.954659287359585 4.157723605711604 3.8500907471554817 
4.959399415003001 4.456678567310921 4.81706299099356 4.8941430976558395 4.932423986904307 3.6816172723319425 2.6136778180876807 3.954659287359585 4.157723605711604 3.8500907471554817 
4.959399415003001 4.456678567310921 4.81706299099356 4.8941430976558395 4.932423986904307 3.6816172723319425 2.6136778180876807 3.954659287359585 4.157723605711604 3.8500907471554817 
4.959399415003001 4.456678567310921 4.81706299099356 4.8941430976558395 4.932423986904307 3.6816172723319425 2.6136778180876807 3.954659287359585 4.157723605711604 3.8500907471554817 
