-0.5374859716824008 -0.049258572281649246 0.7652302226838712 0.6154444394831201 0.08120806335643964 0.2409976545274227 -0.3953418065879385 0.011115241299967103 -0.0054940650031299505 -0.27396615511874084 
0.35190047250611867 0.9257872931202596 0.7652302226838712 1.0176410695670621 0.10790517530730066 0.38224766308452457 0.5717961915409784 0.011115241299967103 -0.0024209040823141943 -0.03131228882455362 
0.35190047250611867 0.9257872931202596 0.7652302226838712 1.0176410695670621 0.10790517530730066 0.6644866949464748 0.5717961915409784 0.03674807446149577 0.06489991439937634 -0.03131228882455362 
0.5069649793697125 0.9257872931202596 0.7652302226838712 1.18200479195233 0.10790517530730066 0.6644866949464748 1.5392440325558046 0.4697986206855317 0.06489991439937634 0.9790056824501271 
0.5069649793697125 0.9257872931202596 0.8025396110802021 1.18200479195233 0.10790517530730066 0.6644866949464748 1.5392440325558046 0.8741203064731633 0.06489991439937634 0.9790056824501271 
0.5069649793697125 0.9257872931202596 0.8025396110802021 1.18200479195233 0.10790517530730066 0.6644866949464748 1.7220656906537923 0.8741203064731633 0.06489991439937634 0.9790056824501271 
0.6591168258744675 0.9257872931202596 0.8025396110802021 1.18200479195233 0.10790517530730066 0.6644866949464748 1.7220656906537923 0.8741203064731633 0.06489991439937634 0.9790056824501271 
1.1881623606211313 0.9257872931202596 0.8025396110802021 1.18200479195233 0.10790517530730066 0.7303279625703487 1.7220656906537923 0.8741203064731633 0.06489991439937634 0.9790056824501271 
1.1881623606211313 0.9257872931202596 0.8025396110802021 1.18200479195233 0.10790517530730066 0.7303279625703487 1.7220656906537923 0.8741203064731633 0.1911235682868541 0.9790056824501271 
1.1881623606211313 0.9257872931202596 0.8025396110802021 1.18200479195233 0.10790517530730066 0.7303279625703487 1.7220656906537923 0.8741203064731633 0.1911235682868541 1.0743015832324732 
