-0.011941595563855554 -0.011941595563855554 -0.011941595563855554 -0.011941595563855554 -0.011941595563855554 -0.011941595563855554 -0.011941595563855554 -0.011941595563855554 -0.011941595563855554 -0.011941595563855554 
0.05786706974313932 0.8597661262399392 0.022342091572529924 0.01765812627214773 -0.0008596163796298899 0.1204304063234746 -0.0041034208326419085 -0.011941595563855554 0.04649223229842069 -0.011941595563855554 
0.05786706974313932 0.8597661262399392 0.10353631838371108 0.01765812627214773 0.5663099255235463 0.1204304063234746 -0.0003881627159899651 0.33982859173543906 0.04649223229842069 0.018294699201500363 
0.05786706974313932 0.8597661262399392 0.10353631838371108 0.9099971216674376 0.821820224575017 0.1724861274514823 -0.0003881627159899651 0.33982859173543906 0.04649223229842069 0.04234482572231145 
0.05786706974313932 0.8597661262399392 0.10353631838371108 0.9099971216674376 1.015304142689314 0.19507377899999417 0.929844212926029 0.33982859173543906 0.07694662117781614 0.04234482572231145 
0.05786706974313932 0.8597661262399392 0.5287022201859778 0.9099971216674376 1.015304142689314 0.19507377899999417 0.929844212926029 0.33982859173543906 0.07694662117781614 0.04234482572231145 
0.05786706974313932 1.005287086255821 0.678954196893703 0.9099971216674376 1.015304142689314 0.19507377899999417 0.929844212926029 0.33982859173543906 0.07694662117781614 0.04234482572231145 
0.05786706974313932 1.005287086255821 0.678954196893703 1.331982035218975 1.015304142689314 0.19507377899999417 2.0220315060526537 0.33982859173543906 0.07694662117781614 0.04234482572231145 
0.05786706974313932 1.005287086255821 0.678954196893703 1.331982035218975 1.015304142689314 0.19507377899999417 2.0220315060526537 0.33982859173543906 0.9730066474283267 0.04234482572231145 
0.05786706974313932 1.005287086255821 1.0658588495015329 1.331982035218975 1.015304142689314 0.19507377899999417 2.0220315060526537 0.33982859173543906 0.9730066474283267 0.10818164473364848 
0.19973415856531426 1.005287086255821 1.0658588495015329 1.331982035218975 1.5186330434880384 0.19507377899999417 2.2794222696256994 0.33982859173543906 0.9730066474283267 0.10818164473364848 
0.19973415856531426 1.005287086255821 1.0658588495015329 1.331982035218975 1.5186330434880384 0.8084080548990079 2.2794222696256994 0.34176208997792695 0.9730066474283267 0.10818164473364848 
0.19973415856531426 1.005287086255821 1.0658588495015329 1.331982035218975 1.5186330434880384 2.532449061419786 2.2794222696256994 0.34176208997792695 0.9730066474283267 0.33095148506062777 
0.8656367120164309 1.005287086255821 1.0658588495015329 1.3714026171549305 1.5186330434880384 2.532449061419786 2.2794222696256994 0.34176208997792695 0.9730066474283267 0.33095148506062777 
0.8656367120164309 1.005287086255821 1.0658588495015329 1.3714026171549305 1.5186330434880384 2.532449061419786 2.2794222696256994 0.34176208997792695 0.9730066474283267 0.33095148506062777 
0.8656367120164309 1.005287086255821 1.0658588495015329 1.3714026171549305 1.5186330434880384 2.532449061419786 2.2794222696256994 0.8717676968698007 0.9864136837487529 0.33095148506062777 
0.8656367120164309 1.005287086255821 1.0658588495015329 1.3714026171549305 1.5186330434880384 2.532449061419786 2.2794222696256994 0.8717676968698007 0.9864136837487529 0.33095148506062777 
0.8656367120164309 1.005287086255821 1.0658588495015329 1.3714026171549305 1.5186330434880384 2.532449061419786 2.2794222696256994 0.8717676968698007 0.9864136837487529 0.33095148506062777 
0.8656367120164309 1.6155825560621293 1.0658588495015329 1.3714026171549305 1.5186330434880384 2.532449061419786 2.2794222696256994 0.8717676968698007 0.9864136837487529 0.33095148506062777 
0.8656367120164309 3.448328533247992 1.0658588495015329 1.3714026171549305 1.5186330434880384 2.532449061419786 2.2794222696256994 0.8717676968698007 0.9864136837487529 0.3863538524920082 
0.8656367120164309 3.448328533247992 1.0658588495015329 1.3714026171549305 1.5186330434880384 2.532449061419786 2.2794222696256994 0.8717676968698007 0.9864136837487529 0.3863538524920082 
0.8656367120164309 3.448328533247992 1.0658588495015329 1.3714026171549305 1.5186330434880384 2.532449061419786 2.2794222696256994 1.7001168457972855 0.9864136837487529 0.3863538524920082 
0.8656367120164309 3.448328533247992 1.0658588495015329 1.3714026171549305 1.5186330434880384 2.532449061419786 2.2794222696256994 1.7001168457972855 0.9864136837487529 0.3863538524920082 
0.8656367120164309 3.448328533247992 1.2450865655456276 1.3714026171549305 1.5186330434880384 2.532449061419786 2.2794222696256994 1.7001168457972855 0.9864136837487529 0.3863538524920082 
0.8656367120164309 3.448328533247992 1.2450865655456276 1.3714026171549305 1.5186330434880384 2.532449061419786 3.921717376024113 1.7001168457972855 0.9864136837487529 0.3863538524920082 
0.8656367120164309 3.448328533247992 1.2450865655456276 1.3714026171549305 1.5186330434880384 2.532449061419786 3.921717376024113 1.7001168457972855 0.9864136837487529 0.3863538524920082 
0.8656367120164309 3.448328533247992 1.2450865655456276 1.3714026171549305 1.5186330434880384 2.532449061419786 3.921717376024113 1.7001168457972855 0.9864136837487529 0.3863538524920082 
0.8656367120164309 3.448328533247992 1.2450865655456276 1.3714026171549305 1.6501678254421808 2.532449061419786 3.921717376024113 1.7001168457972855 0.9864136837487529 0.3863538524920082 
0.8656367120164309 3.448328533247992 1.2450865655456276 1.3714026171549305 1.6501678254421808 2.532449061419786 3.921717376024113 1.7001168457972855 0.9864136837487529 0.3863538524920082 
0.8656367120164309 3.448328533247992 1.2450865655456276 1.3714026171549305 1.6501678254421808 2.532449061419786 3.921717376024113 1.7001168457972855 0.9864136837487529 0.3863538524920082 
0.8656367120164309 3.448328533247992 1.4584843085416814 1.3714026171549305 1.6501678254421808 2.532449061419786 3.921717376024113 1.7001168457972855 0.9864136837487529 0.3863538524920082 
0.8656367120164309 3.448328533247992 1.4584843085416814 1.3714026171549305 1.6501678254421808 2.532449061419786 3.921717376024113 1.7001168457972855 0.9864136837487529 0.3863538524920082 
0.8656367120164309 3.448328533247992 1.4584843085416814 1.3714026171549305 1.6501678254421808 2.532449061419786 3.921717376024113 1.7001168457972855 0.9864136837487529 0.3863538524920082 
0.8656367120164309 3.448328533247992 1.4584843085416814 1.3714026171549305 1.6501678254421808 2.532449061419786 3.921717376024113 1.7001168457972855 0.9864136837487529 0.3863538524920082 
0.8656367120164309 3.448328533247992 1.4584843085416814 1.3714026171549305 1.6501678254421808 2.532449061419786 3.921717376024113 1.7001168457972855 0.9864136837487529 1.1048538577486302 
0.8656367120164309 3.448328533247992 1.4584843085416814 1.3714026171549305 1.6501678254421808 2.532449061419786 3.921717376024113 1.7001168457972855 0.9864136837487529 1.1048538577486302 
0.8656367120164309 3.448328533247992 1.4584843085416814 1.3714026171549305 1.6501678254421808 2.532449061419786 3.921717376024113 1.7001168457972855 0.9864136837487529 1.1048538577486302 
0.8656367120164309 3.448328533247992 1.4584843085416814 1.3714026171549305 1.6501678254421808 2.532449061419786 3.921717376024113 1.7590752684947881 0.9864136837487529 1.1048538577486302 
0.8656367120164309 3.448328533247992 1.4584843085416814 1.3714026171549305 1.6501678254421808 2.532449061419786 3.921717376024113 1.7590752684947881 0.9864136837487529 1.1048538577486302 
0.8656367120164309 3.448328533247992 1.4584843085416814 1.3714026171549305 3.22368861379019 2.532449061419786 3.921717376024113 1.7590752684947881 0.9864136837487529 2.207470552752744 
0.8656367120164309 3.448328533247992 1.4584843085416814 1.3714026171549305 3.22368861379019 2.532449061419786 3.921717376024113 1.7590752684947881 0.9864136837487529 2.207470552752744 
0.8656367120164309 3.448328533247992 1.4584843085416814 1.3714026171549305 3.22368861379019 2.532449061419786 3.921717376024113 1.7590752684947881 0.9864136837487529 2.207470552752744 
0.8656367120164309 3.448328533247992 1.4584843085416814 1.3714026171549305 3.22368861379019 2.532449061419786 3.921717376024113 1.7590752684947881 0.9864136837487529 2.207470552752744 
0.8656367120164309 3.448328533247992 1.4584843085416814 1.3714026171549305 3.22368861379019 2.532449061419786 3.921717376024113 1.7590752684947881 0.9864136837487529 2.207470552752744 
0.8656367120164309 3.448328533247992 1.4584843085416814 1.3714026171549305 3.22368861379019 2.532449061419786 3.921717376024113 1.7590752684947881 0.9864136837487529 2.207470552752744 
0.8656367120164309 3.448328533247992 1.4584843085416814 1.3714026171549305 3.22368861379019 2.532449061419786 3.921717376024113 1.7590752684947881 0.9864136837487529 2.207470552752744 
0.8656367120164309 3.448328533247992 1.4584843085416814 1.3714026171549305 3.22368861379019 2.532449061419786 3.921717376024113 1.7590752684947881 0.9864136837487529 2.207470552752744 
0.8656367120164309 3.448328533247992 1.4584843085416814 1.3714026171549305 3.22368861379019 2.532449061419786 3.921717376024113 1.7590752684947881 0.9864136837487529 2.207470552752744 
0.8656367120164309 3.448328533247992 1.4584843085416814 1.3714026171549305 3.22368861379019 2.532449061419786 3.921717376024113 1.7590752684947881 0.9864136837487529 2.207470552752744 
0.8656367120164309 3.448328533247992 1.4584843085416814 1.3714026171549305 3.22368861379019 2.532449061419786 3.921717376024113 1.7590752684947881 0.9864136837487529 2.207470552752744 
0.8656367120164309 3.448328533247992 1.4584843085416814 1.3714026171549305 3.22368861379019 2.532449061419786 3.921717376024113 1.7590752684947881 0.9864136837487529 2.207470552752744 
0.8656367120164309 3.448328533247992 1.4584843085416814 1.3714026171549305 3.22368861379019 2.532449061419786 3.921717376024113 1.7590752684947881 0.9864136837487529 2.207470552752744 
0.8656367120164309 3.448328533247992 1.4584843085416814 1.3714026171549305 3.22368861379019 2.532449061419786 3.921717376024113 1.7590752684947881 0.9864136837487529 2.207470552752744 
0.8656367120164309 3.448328533247992 1.4584843085416814 1.3714026171549305 3.22368861379019 2.532449061419786 3.921717376024113 1.7590752684947881 0.9864136837487529 2.207470552752744 
0.8656367120164309 3.448328533247992 1.4584843085416814 1.3714026171549305 3.22368861379019 2.532449061419786 3.921717376024113 1.7590752684947881 0.9864136837487529 2.207470552752744 
0.8656367120164309 3.448328533247992 1.4584843085416814 1.3714026171549305 3.22368861379019 2.532449061419786 3.921717376024113 1.7590752684947881 0.9864136837487529 2.207470552752744 
0.8656367120164309 3.448328533247992 1.4584843085416814 1.3714026171549305 3.22368861379019 2.532449061419786 3.921717376024113 1.7590752684947881 0.9864136837487529 2.207470552752744 
0.8656367120164309 3.448328533247992 1.4584843085416814 1.3714026171549305 3.22368861379019 2.532449061419786 3.921717376024113 1.7590752684947881 0.9864136837487529 2.207470552752744 
0.8656367120164309 3.448328533247992 1.4584843085416814 1.3714026171549305 3.22368861379019 2.532449061419786 3.921717376024113 1.7590752684947881 0.9864136837487529 2.207470552752744 
0.8656367120164309 3.448328533247992 1.4584843085416814 1.3714026171549305 3.22368861379019 2.532449061419786 3.921717376024113 1.7590752684947881 0.9864136837487529 2.207470552752744 
0.8656367120164309 3.448328533247992 1.4584843085416814 1.3714026171549305 3.22368861379019 2.532449061419786 3.921717376024113 1.7590752684947881 0.9864136837487529 2.207470552752744 
0.8656367120164309 3.448328533247992 1.4584843085416814 1.3714026171549305 3.22368861379019 2.532449061419786 3.921717376024113 1.7590752684947881 1.2143987994319965 2.207470552752744 
0.8656367120164309 3.448328533247992 1.4584843085416814 1.3714026171549305 3.22368861379019 2.532449061419786 3.921717376024113 1.7590752684947881 1.2143987994319965 2.207470552752744 
0.8656367120164309 3.448328533247992 1.4584843085416814 1.3714026171549305 3.22368861379019 2.532449061419786 3.921717376024113 1.7590752684947881 1.2143987994319965 2.207470552752744 
0.8656367120164309 3.448328533247992 1.4584843085416814 1.3714026171549305 3.22368861379019 2.532449061419786 3.921717376024113 1.7590752684947881 1.2143987994319965 2.207470552752744 
0.8656367120164309 3.448328533247992 1.8571092669445841 1.3714026171549305 3.22368861379019 2.532449061419786 3.921717376024113 1.7590752684947881 1.2143987994319965 2.207470552752744 
0.8656367120164309 3.448328533247992 2.806267038509698 1.3714026171549305 3.22368861379019 2.532449061419786 3.921717376024113 1.7590752684947881 1.2143987994319965 2.207470552752744 
0.8656367120164309 3.448328533247992 2.806267038509698 1.3714026171549305 3.22368861379019 2.532449061419786 3.921717376024113 1.7590752684947881 1.2143987994319965 2.207470552752744 
2.1539349813983435 3.448328533247992 2.806267038509698 1.3714026171549305 3.22368861379019 2.532449061419786 3.921717376024113 1.7590752684947881 1.2143987994319965 2.207470552752744 
2.1539349813983435 3.448328533247992 2.806267038509698 1.3714026171549305 3.22368861379019 2.532449061419786 3.921717376024113 1.7590752684947881 1.2143987994319965 2.207470552752744 
2.1539349813983435 3.448328533247992 2.806267038509698 1.3714026171549305 3.22368861379019 2.532449061419786 3.921717376024113 1.7590752684947881 1.2143987994319965 2.207470552752744 
2.1539349813983435 3.448328533247992 2.806267038509698 1.3714026171549305 3.22368861379019 2.532449061419786 3.921717376024113 1.7590752684947881 1.2143987994319965 2.207470552752744 
2.1539349813983435 3.448328533247992 2.806267038509698 1.3714026171549305 3.22368861379019 2.532449061419786 3.921717376024113 1.7590752684947881 1.2143987994319965 2.207470552752744 
2.1539349813983435 3.448328533247992 2.806267038509698 1.3714026171549305 3.22368861379019 2.532449061419786 3.921717376024113 1.7590752684947881 1.8182923230883614 2.207470552752744 
2.1539349813983435 3.448328533247992 2.806267038509698 1.3714026171549305 3.22368861379019 2.532449061419786 3.921717376024113 1.7590752684947881 1.8182923230883614 2.207470552752744 
2.1539349813983435 3.448328533247992 2.806267038509698 1.3714026171549305 3.22368861379019 2.532449061419786 3.921717376024113 1.7590752684947881 1.8182923230883614 2.207470552752744 
2.1539349813983435 3.448328533247992 2.806267038509698 1.3714026171549305 3.22368861379019 2.532449061419786 3.921717376024113 1.7590752684947881 1.8182923230883614 2.207470552752744 
2.1539349813983435 3.448328533247992 2.806267038509698 1.3714026171549305 3.22368861379019 2.532449061419786 3.921717376024113 1.7590752684947881 1.8182923230883614 2.207470552752744 
2.1539349813983435 3.448328533247992 2.806267038509698 1.3714026171549305 3.22368861379019 2.532449061419786 3.921717376024113 1.7590752684947881 1.8182923230883614 2.207470552752744 
3.034101388256137 3.448328533247992 2.806267038509698 1.3714026171549305 3.22368861379019 2.532449061419786 3.921717376024113 1.7590752684947881 1.8182923230883614 2.207470552752744 
3.034101388256137 3.448328533247992 2.806267038509698 1.3714026171549305 3.22368861379019 2.532449061419786 3.921717376024113 1.7590752684947881 1.8182923230883614 2.207470552752744 
3.034101388256137 3.448328533247992 2.806267038509698 1.3714026171549305 3.22368861379019 2.532449061419786 3.921717376024113 1.7590752684947881 1.8182923230883614 2.207470552752744 
3.034101388256137 3.448328533247992 2.806267038509698 1.3714026171549305 3.4401419771603687 2.532449061419786 3.921717376024113 1.7590752684947881 1.8182923230883614 2.207470552752744 
3.034101388256137 3.448328533247992 2.806267038509698 1.3714026171549305 3.4401419771603687 2.532449061419786 3.921717376024113 1.7590752684947881 1.8182923230883614 2.207470552752744 
3.034101388256137 3.448328533247992 2.806267038509698 1.3714026171549305 3.4401419771603687 2.532449061419786 3.921717376024113 1.7590752684947881 1.8182923230883614 2.207470552752744 
3.034101388256137 3.448328533247992 2.806267038509698 1.3714026171549305 3.4401419771603687 2.532449061419786 3.921717376024113 1.7590752684947881 1.8182923230883614 2.207470552752744 
3.034101388256137 3.448328533247992 2.806267038509698 1.3714026171549305 3.4401419771603687 2.532449061419786 3.921717376024113 1.7590752684947881 1.8182923230883614 2.207470552752744 
3.034101388256137 3.448328533247992 2.806267038509698 1.3714026171549305 3.4401419771603687 2.532449061419786 3.921717376024113 1.7590752684947881 1.8182923230883614 2.207470552752744 
3.034101388256137 3.448328533247992 2.806267038509698 1.3714026171549305 3.4401419771603687 2.532449061419786 3.921717376024113 1.7590752684947881 1.8182923230883614 2.207470552752744 
3.034101388256137 3.448328533247992 2.806267038509698 1.3714026171549305 3.4401419771603687 2.532449061419786 3.921717376024113 1.7590752684947881 1.8182923230883614 2.207470552752744 
3.034101388256137 3.448328533247992 2.806267038509698 1.3714026171549305 3.4401419771603687 2.532449061419786 3.921717376024113 1.7590752684947881 1.8182923230883614 2.207470552752744 
3.034101388256137 3.448328533247992 2.806267038509698 1.3714026171549305 3.4401419771603687 2.532449061419786 3.921717376024113 1.7590752684947881 1.8182923230883614 2.207470552752744 
3.034101388256137 3.448328533247992 2.806267038509698 1.3714026171549305 3.4401419771603687 2.532449061419786 3.921717376024113 1.7590752684947881 1.8182923230883614 2.207470552752744 
3.034101388256137 3.448328533247992 2.806267038509698 1.3714026171549305 3.4401419771603687 2.532449061419786 3.921717376024113 1.7590752684947881 1.8182923230883614 2.207470552752744 
3.034101388256137 3.448328533247992 2.946632076301141 1.3714026171549305 3.4401419771603687 2.532449061419786 3.921717376024113 1.7590752684947881 1.8182923230883614 2.207470552752744 
3.034101388256137 3.448328533247992 2.946632076301141 1.3714026171549305 3.4401419771603687 2.532449061419786 3.921717376024113 1.7590752684947881 1.8182923230883614 2.207470552752744 
3.034101388256137 3.448328533247992 2.946632076301141 1.3714026171549305 3.4401419771603687 2.532449061419786 3.921717376024113 1.7590752684947881 1.8182923230883614 2.207470552752744 
3.034101388256137 3.448328533247992 2.946632076301141 1.3714026171549305 3.4401419771603687 2.532449061419786 3.921717376024113 1.7590752684947881 1.8182923230883614 2.207470552752744 
3.034101388256137 3.448328533247992 2.946632076301141 1.3714026171549305 3.4401419771603687 2.532449061419786 3.921717376024113 1.7590752684947881 1.8182923230883614 2.207470552752744 
3.034101388256137 3.448328533247992 2.946632076301141 1.3714026171549305 3.4401419771603687 2.532449061419786 3.921717376024113 1.7590752684947881 1.8182923230883614 2.207470552752744 
3.034101388256137 3.448328533247992 2.946632076301141 1.3714026171549305 3.4401419771603687 2.532449061419786 3.921717376024113 1.7590752684947881 1.8182923230883614 2.207470552752744 
3.034101388256137 3.448328533247992 2.946632076301141 1.3714026171549305 3.4401419771603687 2.532449061419786 3.921717376024113 1.7590752684947881 1.8182923230883614 2.207470552752744 
3.034101388256137 3.448328533247992 2.946632076301141 1.3714026171549305 3.4401419771603687 2.532449061419786 3.921717376024113 1.7590752684947881 1.8182923230883614 2.207470552752744 
3.034101388256137 3.448328533247992 2.946632076301141 1.3714026171549305 3.4401419771603687 2.532449061419786 3.921717376024113 1.7590752684947881 1.8182923230883614 2.207470552752744 
3.034101388256137 3.448328533247992 2.946632076301141 1.3714026171549305 3.4401419771603687 2.532449061419786 3.921717376024113 1.7590752684947881 1.8182923230883614 2.207470552752744 
3.034101388256137 3.448328533247992 2.946632076301141 1.3714026171549305 3.4401419771603687 2.532449061419786 3.921717376024113 1.7590752684947881 1.8182923230883614 2.207470552752744 
3.034101388256137 3.448328533247992 2.946632076301141 1.3714026171549305 3.4401419771603687 2.532449061419786 3.921717376024113 1.7590752684947881 1.8182923230883614 2.207470552752744 
3.034101388256137 3.448328533247992 2.946632076301141 1.3714026171549305 3.4401419771603687 2.532449061419786 3.921717376024113 1.7590752684947881 1.8182923230883614 2.207470552752744 
3.034101388256137 3.448328533247992 2.946632076301141 1.3714026171549305 3.4401419771603687 2.532449061419786 3.921717376024113 1.7590752684947881 1.8182923230883614 2.2318664600326867 
3.034101388256137 3.448328533247992 2.946632076301141 1.3714026171549305 3.4401419771603687 2.532449061419786 3.921717376024113 1.7590752684947881 1.8182923230883614 2.2318664600326867 
3.034101388256137 3.448328533247992 2.946632076301141 1.3714026171549305 3.4401419771603687 2.532449061419786 3.921717376024113 1.7590752684947881 1.8182923230883614 2.2318664600326867 
3.034101388256137 3.448328533247992 2.946632076301141 1.3714026171549305 3.4401419771603687 2.532449061419786 3.921717376024113 1.7590752684947881 1.8182923230883614 2.2318664600326867 
3.034101388256137 3.448328533247992 2.946632076301141 1.3714026171549305 3.4401419771603687 2.532449061419786 3.921717376024113 1.7590752684947881 1.8182923230883614 2.2318664600326867 
3.034101388256137 3.448328533247992 2.946632076301141 1.3714026171549305 3.4401419771603687 2.532449061419786 3.921717376024113 1.7590752684947881 1.8182923230883614 2.2318664600326867 
3.034101388256137 3.448328533247992 2.946632076301141 1.3714026171549305 3.4401419771603687 2.532449061419786 3.921717376024113 1.7590752684947881 1.8182923230883614 2.2318664600326867 
3.034101388256137 3.448328533247992 2.946632076301141 1.3714026171549305 3.4401419771603687 2.532449061419786 3.921717376024113 1.7590752684947881 1.8182923230883614 2.2318664600326867 
3.034101388256137 3.448328533247992 2.946632076301141 1.3714026171549305 3.4401419771603687 2.532449061419786 3.921717376024113 1.7590752684947881 1.8182923230883614 2.2318664600326867 
3.034101388256137 3.448328533247992 2.946632076301141 1.3714026171549305 3.4401419771603687 2.532449061419786 3.921717376024113 1.7590752684947881 1.8182923230883614 2.2318664600326867 
3.034101388256137 3.448328533247992 2.946632076301141 1.3714026171549305 3.4401419771603687 2.532449061419786 3.921717376024113 1.7590752684947881 1.8182923230883614 2.2318664600326867 
3.034101388256137 3.448328533247992 2.946632076301141 1.3714026171549305 3.4401419771603687 2.532449061419786 3.921717376024113 1.7590752684947881 1.8182923230883614 2.2318664600326867 
3.034101388256137 3.448328533247992 2.946632076301141 1.3714026171549305 3.4401419771603687 2.532449061419786 3.921717376024113 1.7590752684947881 1.8182923230883614 2.2318664600326867 
3.034101388256137 3.448328533247992 2.946632076301141 1.3714026171549305 3.4401419771603687 2.532449061419786 3.921717376024113 1.7590752684947881 1.8182923230883614 2.2318664600326867 
3.034101388256137 3.448328533247992 2.946632076301141 1.3714026171549305 3.4401419771603687 2.532449061419786 3.921717376024113 1.7590752684947881 1.8182923230883614 2.2318664600326867 
3.034101388256137 3.448328533247992 2.946632076301141 1.3714026171549305 3.4401419771603687 2.532449061419786 3.921717376024113 1.7590752684947881 1.8182923230883614 2.2318664600326867 
3.034101388256137 3.448328533247992 2.946632076301141 1.3714026171549305 3.4401419771603687 2.532449061419786 3.921717376024113 1.7590752684947881 1.8182923230883614 2.2318664600326867 
3.034101388256137 3.448328533247992 2.946632076301141 1.3714026171549305 3.4401419771603687 2.532449061419786 3.921717376024113 1.7590752684947881 1.8182923230883614 2.2318664600326867 
3.034101388256137 3.448328533247992 2.946632076301141 1.3714026171549305 3.4401419771603687 2.532449061419786 3.921717376024113 1.7590752684947881 1.8182923230883614 2.2318664600326867 
3.034101388256137 3.448328533247992 2.946632076301141 1.3714026171549305 3.4401419771603687 2.532449061419786 3.921717376024113 1.7590752684947881 1.8182923230883614 2.2318664600326867 
3.7157492970874166 3.448328533247992 2.946632076301141 1.3714026171549305 3.4401419771603687 2.532449061419786 3.921717376024113 1.7590752684947881 1.8182923230883614 2.2318664600326867 
3.7157492970874166 3.448328533247992 2.946632076301141 1.3714026171549305 3.4401419771603687 2.532449061419786 3.921717376024113 1.7590752684947881 1.8182923230883614 2.2318664600326867 
3.7157492970874166 3.448328533247992 2.946632076301141 1.3714026171549305 3.4401419771603687 2.532449061419786 3.921717376024113 1.7590752684947881 1.8182923230883614 2.2318664600326867 
3.7157492970874166 3.448328533247992 2.946632076301141 1.3714026171549305 3.4401419771603687 2.532449061419786 3.921717376024113 1.7590752684947881 1.8182923230883614 2.2318664600326867 
3.7157492970874166 3.448328533247992 2.946632076301141 1.3714026171549305 3.4401419771603687 2.532449061419786 3.921717376024113 1.7590752684947881 1.8182923230883614 2.2318664600326867 
3.7157492970874166 3.448328533247992 2.946632076301141 1.3714026171549305 3.4401419771603687 2.532449061419786 3.921717376024113 1.7590752684947881 1.8182923230883614 2.2318664600326867 
3.7157492970874166 3.448328533247992 2.946632076301141 1.3714026171549305 3.4401419771603687 2.532449061419786 3.921717376024113 1.7590752684947881 1.8182923230883614 2.2318664600326867 
3.7157492970874166 3.448328533247992 2.946632076301141 1.3714026171549305 3.4401419771603687 2.532449061419786 3.921717376024113 1.7590752684947881 1.8182923230883614 2.2318664600326867 
3.7157492970874166 3.448328533247992 3.10599304031515 1.3714026171549305 3.4401419771603687 2.532449061419786 3.921717376024113 1.7590752684947881 1.8182923230883614 2.2318664600326867 
3.7157492970874166 3.448328533247992 3.10599304031515 1.3714026171549305 3.4401419771603687 2.532449061419786 3.921717376024113 1.7590752684947881 1.8182923230883614 2.2318664600326867 
3.7157492970874166 3.448328533247992 3.10599304031515 1.3714026171549305 3.4401419771603687 2.532449061419786 3.921717376024113 1.7590752684947881 1.8182923230883614 2.2318664600326867 
3.7157492970874166 3.448328533247992 3.10599304031515 1.3714026171549305 3.4401419771603687 2.532449061419786 3.921717376024113 1.7590752684947881 1.8182923230883614 2.2318664600326867 
3.7157492970874166 3.448328533247992 3.10599304031515 1.3714026171549305 3.4401419771603687 2.532449061419786 3.921717376024113 1.8362270792988296 1.8182923230883614 2.2318664600326867 
3.7157492970874166 3.448328533247992 3.10599304031515 1.3714026171549305 3.4401419771603687 2.532449061419786 3.921717376024113 1.8362270792988296 1.8182923230883614 2.2318664600326867 
3.7157492970874166 3.448328533247992 3.10599304031515 1.3714026171549305 3.4401419771603687 2.532449061419786 3.921717376024113 1.8362270792988296 1.8182923230883614 2.2318664600326867 
3.7157492970874166 3.448328533247992 3.10599304031515 1.3714026171549305 3.4401419771603687 2.532449061419786 3.921717376024113 1.8362270792988296 1.8182923230883614 2.2318664600326867 
3.7157492970874166 3.448328533247992 3.10599304031515 1.3714026171549305 3.4401419771603687 2.532449061419786 3.921717376024113 1.8362270792988296 1.8182923230883614 2.2318664600326867 
3.7157492970874166 3.448328533247992 3.10599304031515 1.3714026171549305 3.4401419771603687 2.532449061419786 3.921717376024113 1.8362270792988296 1.8182923230883614 2.2318664600326867 
3.7157492970874166 3.448328533247992 3.10599304031515 1.3714026171549305 3.8871071022360764 2.532449061419786 3.921717376024113 1.8362270792988296 1.8182923230883614 2.2318664600326867 
3.7157492970874166 3.448328533247992 3.10599304031515 1.3714026171549305 3.8871071022360764 2.532449061419786 3.921717376024113 1.8362270792988296 1.8182923230883614 2.2318664600326867 
3.7157492970874166 3.448328533247992 3.10599304031515 1.3714026171549305 3.8871071022360764 2.532449061419786 3.921717376024113 1.8362270792988296 1.8182923230883614 2.2318664600326867 
3.7157492970874166 3.448328533247992 3.10599304031515 1.3714026171549305 3.8871071022360764 2.532449061419786 3.921717376024113 1.8362270792988296 1.8182923230883614 2.2318664600326867 
3.7157492970874166 3.448328533247992 3.10599304031515 1.3714026171549305 3.8871071022360764 2.532449061419786 3.921717376024113 1.8362270792988296 1.8182923230883614 2.2318664600326867 
3.7157492970874166 3.448328533247992 3.10599304031515 1.3714026171549305 3.8871071022360764 2.532449061419786 3.921717376024113 1.8362270792988296 1.8182923230883614 2.2318664600326867 
3.7157492970874166 3.448328533247992 3.10599304031515 1.3714026171549305 3.8871071022360764 2.532449061419786 3.921717376024113 1.8362270792988296 1.8182923230883614 2.2318664600326867 
3.7157492970874166 3.448328533247992 3.10599304031515 1.3714026171549305 3.8871071022360764 2.532449061419786 3.921717376024113 1.8362270792988296 1.8182923230883614 2.2318664600326867 
3.7157492970874166 3.448328533247992 3.10599304031515 1.3714026171549305 3.8871071022360764 2.532449061419786 3.921717376024113 1.8362270792988296 1.8182923230883614 2.2318664600326867 
3.7157492970874166 3.448328533247992 3.10599304031515 1.3714026171549305 3.8871071022360764 2.532449061419786 3.921717376024113 1.8362270792988296 1.8182923230883614 2.2318664600326867 
3.7157492970874166 3.448328533247992 3.10599304031515 1.3714026171549305 3.8871071022360764 2.532449061419786 3.921717376024113 3.109089924559534 1.8182923230883614 2.2318664600326867 
3.7157492970874166 3.448328533247992 3.10599304031515 1.3714026171549305 3.8871071022360764 2.532449061419786 3.921717376024113 3.109089924559534 1.8182923230883614 2.2318664600326867 
3.7157492970874166 3.448328533247992 3.10599304031515 1.3714026171549305 3.8871071022360764 2.532449061419786 3.921717376024113 3.109089924559534 1.8182923230883614 2.2318664600326867 
3.7157492970874166 3.448328533247992 3.10599304031515 1.3714026171549305 3.8871071022360764 2.532449061419786 3.921717376024113 3.109089924559534 1.8182923230883614 2.2318664600326867 
3.7157492970874166 3.448328533247992 3.10599304031515 1.3714026171549305 3.8871071022360764 2.532449061419786 3.921717376024113 3.109089924559534 1.8182923230883614 2.2318664600326867 
3.7157492970874166 3.448328533247992 3.10599304031515 1.3714026171549305 3.8871071022360764 2.532449061419786 3.921717376024113 3.109089924559534 1.8182923230883614 2.2318664600326867 
3.7157492970874166 3.448328533247992 3.10599304031515 1.3714026171549305 3.8871071022360764 2.532449061419786 3.921717376024113 3.109089924559534 1.8182923230883614 2.2318664600326867 
3.7157492970874166 3.448328533247992 3.10599304031515 1.3714026171549305 3.8871071022360764 2.532449061419786 3.921717376024113 3.109089924559534 1.8182923230883614 2.2318664600326867 
3.7157492970874166 3.448328533247992 3.10599304031515 1.3714026171549305 3.8871071022360764 2.532449061419786 3.921717376024113 3.109089924559534 1.8182923230883614 2.2318664600326867 
3.7157492970874166 3.448328533247992 3.10599304031515 1.3714026171549305 3.8871071022360764 2.532449061419786 3.921717376024113 3.109089924559534 1.8182923230883614 2.2318664600326867 
3.7157492970874166 3.448328533247992 3.10599304031515 1.3714026171549305 3.8871071022360764 2.532449061419786 3.921717376024113 3.109089924559534 1.8182923230883614 2.2318664600326867 
3.7157492970874166 3.448328533247992 3.10599304031515 1.3714026171549305 3.8871071022360764 2.532449061419786 3.921717376024113 3.109089924559534 1.8182923230883614 2.2318664600326867 
3.7157492970874166 3.448328533247992 3.10599304031515 1.3714026171549305 3.8871071022360764 2.532449061419786 3.921717376024113 3.109089924559534 1.8182923230883614 2.2318664600326867 
3.7157492970874166 3.448328533247992 3.10599304031515 1.3714026171549305 3.8871071022360764 2.532449061419786 3.921717376024113 3.109089924559534 1.8182923230883614 2.2318664600326867 
3.7157492970874166 3.448328533247992 3.10599304031515 1.3714026171549305 3.8871071022360764 2.532449061419786 3.921717376024113 3.109089924559534 1.8182923230883614 2.2318664600326867 
3.7157492970874166 3.448328533247992 3.10599304031515 1.3714026171549305 3.8871071022360764 2.532449061419786 3.921717376024113 3.109089924559534 1.8182923230883614 2.2318664600326867 
3.7157492970874166 3.448328533247992 3.10599304031515 1.3714026171549305 3.8871071022360764 2.532449061419786 3.921717376024113 3.109089924559534 1.8182923230883614 2.2318664600326867 
3.7157492970874166 3.448328533247992 3.10599304031515 1.3714026171549305 3.8871071022360764 2.532449061419786 3.921717376024113 3.109089924559534 1.8182923230883614 2.2318664600326867 
3.7157492970874166 3.448328533247992 3.10599304031515 1.3714026171549305 3.8871071022360764 2.532449061419786 3.921717376024113 3.109089924559534 1.8182923230883614 2.2318664600326867 
3.7157492970874166 3.448328533247992 3.10599304031515 1.3714026171549305 3.8871071022360764 2.532449061419786 3.921717376024113 3.109089924559534 1.8182923230883614 2.2318664600326867 
3.7157492970874166 3.448328533247992 3.10599304031515 1.3714026171549305 3.8871071022360764 2.532449061419786 3.921717376024113 3.109089924559534 1.8182923230883614 2.2318664600326867 
3.7157492970874166 3.448328533247992 3.10599304031515 1.3714026171549305 3.8871071022360764 2.532449061419786 3.921717376024113 3.109089924559534 1.8182923230883614 2.2318664600326867 
3.7157492970874166 3.448328533247992 3.10599304031515 1.3714026171549305 3.8871071022360764 2.532449061419786 3.921717376024113 3.109089924559534 1.8182923230883614 2.2318664600326867 
3.7157492970874166 3.448328533247992 3.10599304031515 1.3714026171549305 3.8871071022360764 2.532449061419786 3.921717376024113 3.109089924559534 1.8182923230883614 2.2318664600326867 
3.7157492970874166 3.448328533247992 3.10599304031515 1.3714026171549305 3.8871071022360764 2.532449061419786 3.921717376024113 3.109089924559534 1.8182923230883614 2.2318664600326867 
3.7157492970874166 3.448328533247992 3.10599304031515 1.3714026171549305 3.8871071022360764 2.532449061419786 3.921717376024113 3.109089924559534 1.8182923230883614 2.2318664600326867 
3.7157492970874166 3.448328533247992 3.10599304031515 1.3714026171549305 3.8871071022360764 2.532449061419786 3.921717376024113 3.109089924559534 1.8182923230883614 2.2318664600326867 
3.7157492970874166 3.448328533247992 3.10599304031515 1.3714026171549305 3.8871071022360764 2.532449061419786 3.921717376024113 3.109089924559534 1.8182923230883614 2.2318664600326867 
3.7157492970874166 3.448328533247992 3.10599304031515 1.3714026171549305 3.8871071022360764 2.532449061419786 3.921717376024113 3.109089924559534 1.8182923230883614 2.2318664600326867 
3.7157492970874166 3.448328533247992 3.10599304031515 1.3714026171549305 3.8871071022360764 2.532449061419786 3.921717376024113 3.109089924559534 1.8182923230883614 2.2318664600326867 
3.7157492970874166 3.448328533247992 3.10599304031515 1.3714026171549305 3.8871071022360764 2.532449061419786 3.921717376024113 3.109089924559534 1.8182923230883614 2.2318664600326867 
3.7157492970874166 3.448328533247992 3.10599304031515 1.3714026171549305 3.8871071022360764 2.532449061419786 3.921717376024113 3.109089924559534 1.8182923230883614 2.48627858146612 
3.7157492970874166 3.448328533247992 3.10599304031515 1.3714026171549305 3.8871071022360764 2.532449061419786 3.921717376024113 3.109089924559534 1.8182923230883614 2.48627858146612 
3.7157492970874166 3.448328533247992 3.10599304031515 1.3714026171549305 3.8871071022360764 2.532449061419786 3.921717376024113 3.109089924559534 1.8182923230883614 2.48627858146612 
3.7157492970874166 3.448328533247992 3.10599304031515 1.3714026171549305 3.8871071022360764 2.532449061419786 3.921717376024113 3.109089924559534 1.8182923230883614 2.48627858146612 
3.7157492970874166 3.448328533247992 3.10599304031515 1.3714026171549305 3.8871071022360764 2.532449061419786 3.921717376024113 3.109089924559534 1.8182923230883614 2.48627858146612 
3.7157492970874166 3.448328533247992 3.10599304031515 1.3714026171549305 3.8871071022360764 2.532449061419786 3.921717376024113 3.109089924559534 1.8182923230883614 2.48627858146612 
3.7157492970874166 3.448328533247992 3.10599304031515 1.3714026171549305 3.8871071022360764 2.532449061419786 3.921717376024113 3.109089924559534 1.8182923230883614 2.48627858146612 
3.7157492970874166 3.448328533247992 3.10599304031515 1.3714026171549305 3.8871071022360764 2.532449061419786 3.921717376024113 3.109089924559534 1.8182923230883614 2.48627858146612 
3.7157492970874166 3.448328533247992 3.10599304031515 1.3714026171549305 3.8871071022360764 2.532449061419786 3.921717376024113 3.109089924559534 1.8182923230883614 2.48627858146612 
3.7157492970874166 3.448328533247992 3.10599304031515 1.3714026171549305 3.8871071022360764 2.532449061419786 3.921717376024113 3.109089924559534 1.8182923230883614 2.48627858146612 
3.7157492970874166 3.448328533247992 3.10599304031515 1.3714026171549305 3.8871071022360764 2.532449061419786 3.921717376024113 3.109089924559534 1.8182923230883614 2.48627858146612 
3.7157492970874166 3.448328533247992 3.10599304031515 1.3714026171549305 3.8871071022360764 2.532449061419786 3.921717376024113 3.109089924559534 1.8182923230883614 2.48627858146612 
3.7157492970874166 3.448328533247992 3.10599304031515 1.3714026171549305 3.8871071022360764 2.532449061419786 3.921717376024113 3.109089924559534 1.8182923230883614 2.48627858146612 
3.7157492970874166 3.448328533247992 3.10599304031515 1.3714026171549305 3.8871071022360764 2.532449061419786 3.921717376024113 3.109089924559534 1.8182923230883614 2.48627858146612 
3.7157492970874166 3.448328533247992 3.10599304031515 1.3714026171549305 3.8871071022360764 2.532449061419786 3.921717376024113 3.109089924559534 1.8182923230883614 2.48627858146612 
3.7157492970874166 3.448328533247992 3.10599304031515 1.3714026171549305 3.8871071022360764 2.532449061419786 3.921717376024113 3.109089924559534 1.8182923230883614 2.48627858146612 
3.7157492970874166 3.448328533247992 3.10599304031515 1.3714026171549305 3.8871071022360764 2.532449061419786 3.921717376024113 3.109089924559534 1.8182923230883614 2.48627858146612 
3.7157492970874166 3.448328533247992 3.10599304031515 1.3714026171549305 3.8871071022360764 2.532449061419786 3.921717376024113 3.109089924559534 1.8182923230883614 2.48627858146612 
3.7157492970874166 3.448328533247992 3.10599304031515 1.3714026171549305 3.8871071022360764 2.532449061419786 3.921717376024113 3.109089924559534 1.8182923230883614 2.48627858146612 
3.7157492970874166 3.448328533247992 3.10599304031515 1.3714026171549305 3.8871071022360764 2.532449061419786 3.921717376024113 3.109089924559534 1.8182923230883614 2.48627858146612 
3.7157492970874166 3.448328533247992 3.10599304031515 1.3714026171549305 3.8871071022360764 2.532449061419786 3.921717376024113 3.109089924559534 1.8182923230883614 2.48627858146612 
3.7157492970874166 3.448328533247992 3.10599304031515 1.3714026171549305 3.8871071022360764 2.532449061419786 3.921717376024113 3.109089924559534 1.8182923230883614 2.48627858146612 
3.7157492970874166 3.448328533247992 3.10599304031515 1.3714026171549305 3.8871071022360764 2.532449061419786 3.921717376024113 3.109089924559534 1.8182923230883614 2.48627858146612 
3.7157492970874166 3.448328533247992 3.10599304031515 1.3714026171549305 3.8871071022360764 2.532449061419786 3.921717376024113 3.109089924559534 1.8182923230883614 2.48627858146612 
3.7157492970874166 3.448328533247992 3.10599304031515 1.3714026171549305 3.8871071022360764 2.532449061419786 3.921717376024113 3.109089924559534 1.8182923230883614 2.48627858146612 
3.7157492970874166 3.448328533247992 3.10599304031515 1.3714026171549305 3.8871071022360764 2.532449061419786 3.921717376024113 3.109089924559534 1.8182923230883614 2.48627858146612 
3.7157492970874166 3.448328533247992 3.10599304031515 1.3714026171549305 3.8871071022360764 2.532449061419786 3.921717376024113 3.109089924559534 1.8182923230883614 2.48627858146612 
3.7157492970874166 3.448328533247992 3.10599304031515 1.3714026171549305 3.8871071022360764 2.532449061419786 3.921717376024113 3.109089924559534 1.8182923230883614 2.48627858146612 
3.7157492970874166 3.448328533247992 3.10599304031515 1.3714026171549305 3.8871071022360764 2.532449061419786 4.213739972380722 3.109089924559534 1.8182923230883614 2.48627858146612 
3.7157492970874166 3.448328533247992 3.10599304031515 1.3714026171549305 3.8871071022360764 2.532449061419786 4.213739972380722 3.109089924559534 1.8182923230883614 2.48627858146612 
3.7157492970874166 3.448328533247992 3.10599304031515 1.3714026171549305 3.8871071022360764 2.532449061419786 4.213739972380722 3.109089924559534 1.8182923230883614 2.48627858146612 
3.7157492970874166 3.448328533247992 3.10599304031515 1.3714026171549305 3.8871071022360764 2.532449061419786 4.213739972380722 3.109089924559534 1.8182923230883614 2.48627858146612 
3.7157492970874166 3.448328533247992 3.10599304031515 1.3714026171549305 3.8871071022360764 2.532449061419786 4.213739972380722 3.109089924559534 1.8182923230883614 2.48627858146612 
3.7157492970874166 3.448328533247992 3.10599304031515 1.3714026171549305 3.8871071022360764 2.532449061419786 4.213739972380722 3.109089924559534 1.8182923230883614 2.48627858146612 
3.7157492970874166 3.448328533247992 3.10599304031515 1.3714026171549305 3.8871071022360764 2.532449061419786 4.213739972380722 3.109089924559534 1.8182923230883614 2.48627858146612 
3.7157492970874166 3.448328533247992 3.10599304031515 1.3714026171549305 3.8871071022360764 2.532449061419786 4.213739972380722 3.109089924559534 1.8182923230883614 2.48627858146612 
3.7157492970874166 3.448328533247992 3.10599304031515 1.3714026171549305 3.8871071022360764 2.532449061419786 4.213739972380722 3.109089924559534 1.8182923230883614 2.48627858146612 
3.7157492970874166 3.448328533247992 3.10599304031515 1.3714026171549305 3.8871071022360764 2.532449061419786 4.213739972380722 3.109089924559534 1.8182923230883614 2.48627858146612 
3.7157492970874166 3.448328533247992 3.10599304031515 1.3714026171549305 3.8871071022360764 2.532449061419786 4.213739972380722 3.109089924559534 1.8182923230883614 2.48627858146612 
3.7157492970874166 3.448328533247992 3.10599304031515 1.3714026171549305 3.8871071022360764 2.532449061419786 4.213739972380722 3.109089924559534 1.8182923230883614 2.48627858146612 
3.7157492970874166 3.448328533247992 3.10599304031515 1.3714026171549305 3.8871071022360764 2.532449061419786 4.213739972380722 3.109089924559534 1.8182923230883614 2.48627858146612 
3.7157492970874166 3.448328533247992 3.10599304031515 1.3714026171549305 3.8871071022360764 2.532449061419786 4.213739972380722 3.109089924559534 1.8182923230883614 2.48627858146612 
3.7157492970874166 3.448328533247992 3.10599304031515 1.3714026171549305 3.8871071022360764 2.532449061419786 4.213739972380722 3.109089924559534 1.8182923230883614 2.48627858146612 
3.7157492970874166 3.448328533247992 3.10599304031515 1.3714026171549305 3.8871071022360764 2.532449061419786 4.213739972380722 3.109089924559534 1.8182923230883614 2.48627858146612 
3.7157492970874166 3.448328533247992 3.10599304031515 1.3714026171549305 3.8871071022360764 2.532449061419786 4.213739972380722 3.109089924559534 1.8182923230883614 2.48627858146612 
3.7157492970874166 3.448328533247992 3.10599304031515 1.3714026171549305 3.8871071022360764 2.532449061419786 4.213739972380722 3.109089924559534 1.8182923230883614 2.48627858146612 
3.7157492970874166 3.448328533247992 3.10599304031515 1.3714026171549305 3.8871071022360764 2.532449061419786 4.213739972380722 3.109089924559534 1.8182923230883614 2.48627858146612 
3.7157492970874166 3.448328533247992 3.10599304031515 1.3714026171549305 3.8871071022360764 2.532449061419786 4.213739972380722 3.109089924559534 1.8182923230883614 2.48627858146612 
3.7157492970874166 3.448328533247992 3.10599304031515 1.3714026171549305 3.8871071022360764 2.532449061419786 4.213739972380722 3.109089924559534 1.8182923230883614 2.48627858146612 
3.7157492970874166 3.448328533247992 3.10599304031515 1.3714026171549305 3.8871071022360764 2.532449061419786 4.213739972380722 3.109089924559534 1.8182923230883614 2.48627858146612 
3.7157492970874166 3.448328533247992 3.10599304031515 1.3714026171549305 3.8871071022360764 2.532449061419786 4.213739972380722 3.109089924559534 1.8182923230883614 2.48627858146612 
3.7157492970874166 3.448328533247992 3.10599304031515 1.3714026171549305 3.8871071022360764 2.532449061419786 4.213739972380722 3.109089924559534 1.8182923230883614 2.48627858146612 
3.7157492970874166 3.448328533247992 3.10599304031515 1.3714026171549305 3.8871071022360764 2.532449061419786 4.213739972380722 3.109089924559534 1.8182923230883614 2.48627858146612 
3.7157492970874166 3.448328533247992 3.10599304031515 1.3714026171549305 3.8871071022360764 2.532449061419786 4.213739972380722 3.109089924559534 1.8182923230883614 2.48627858146612 
3.7157492970874166 3.448328533247992 3.10599304031515 1.3714026171549305 3.8871071022360764 2.532449061419786 4.213739972380722 3.109089924559534 1.8182923230883614 2.48627858146612 
3.7157492970874166 3.448328533247992 3.10599304031515 1.3714026171549305 3.8871071022360764 2.532449061419786 4.213739972380722 3.109089924559534 1.8182923230883614 2.48627858146612 
3.7157492970874166 3.448328533247992 3.10599304031515 1.3714026171549305 3.8871071022360764 2.532449061419786 4.213739972380722 3.109089924559534 1.8182923230883614 2.48627858146612 
3.7157492970874166 3.448328533247992 3.10599304031515 1.3714026171549305 3.8871071022360764 2.532449061419786 4.213739972380722 3.109089924559534 1.8182923230883614 2.48627858146612 
3.7157492970874166 3.448328533247992 3.10599304031515 1.3714026171549305 3.8871071022360764 2.532449061419786 4.213739972380722 3.109089924559534 1.8182923230883614 2.48627858146612 
3.7157492970874166 3.448328533247992 3.10599304031515 1.3714026171549305 3.8871071022360764 2.532449061419786 4.213739972380722 3.109089924559534 1.8182923230883614 2.48627858146612 
3.7157492970874166 3.448328533247992 3.10599304031515 1.3714026171549305 3.8871071022360764 2.532449061419786 4.213739972380722 3.109089924559534 1.8182923230883614 2.48627858146612 
3.7157492970874166 3.448328533247992 3.10599304031515 1.3714026171549305 3.8871071022360764 2.532449061419786 4.213739972380722 3.109089924559534 1.8182923230883614 2.48627858146612 
3.7157492970874166 3.448328533247992 3.10599304031515 1.4429668565643232 3.8871071022360764 2.532449061419786 4.213739972380722 3.109089924559534 1.8182923230883614 2.48627858146612 
3.7157492970874166 3.448328533247992 3.10599304031515 1.4429668565643232 3.8871071022360764 2.532449061419786 4.213739972380722 3.109089924559534 1.8182923230883614 2.48627858146612 
3.7157492970874166 3.448328533247992 3.10599304031515 1.4429668565643232 3.8871071022360764 2.532449061419786 4.213739972380722 3.109089924559534 1.8182923230883614 2.48627858146612 
3.7157492970874166 3.448328533247992 3.10599304031515 1.4429668565643232 3.8871071022360764 2.532449061419786 4.213739972380722 3.109089924559534 1.8182923230883614 2.48627858146612 
3.7157492970874166 3.448328533247992 3.10599304031515 1.4429668565643232 3.8871071022360764 2.532449061419786 4.213739972380722 3.109089924559534 1.8182923230883614 2.48627858146612 
3.7157492970874166 3.448328533247992 3.10599304031515 1.4429668565643232 3.8871071022360764 2.532449061419786 4.213739972380722 3.109089924559534 1.8182923230883614 2.48627858146612 
3.7157492970874166 3.448328533247992 3.10599304031515 1.4429668565643232 3.8871071022360764 2.532449061419786 4.213739972380722 3.109089924559534 1.8182923230883614 2.48627858146612 
3.7157492970874166 3.448328533247992 3.10599304031515 1.4429668565643232 3.8871071022360764 2.532449061419786 4.213739972380722 3.109089924559534 1.8182923230883614 2.48627858146612 
3.7157492970874166 3.448328533247992 3.10599304031515 1.4429668565643232 3.8871071022360764 2.532449061419786 4.213739972380722 3.109089924559534 1.8182923230883614 2.48627858146612 
3.7157492970874166 3.448328533247992 3.10599304031515 1.4429668565643232 3.8871071022360764 2.532449061419786 4.213739972380722 3.109089924559534 1.8182923230883614 2.48627858146612 
3.7157492970874166 3.448328533247992 3.10599304031515 1.4429668565643232 3.8871071022360764 2.532449061419786 4.213739972380722 3.109089924559534 1.8182923230883614 2.48627858146612 
3.7157492970874166 3.448328533247992 3.10599304031515 1.4429668565643232 3.8871071022360764 2.532449061419786 4.213739972380722 3.109089924559534 1.8182923230883614 2.48627858146612 
3.7157492970874166 3.448328533247992 3.10599304031515 1.4429668565643232 3.8871071022360764 2.532449061419786 4.213739972380722 3.109089924559534 1.8182923230883614 2.48627858146612 
3.7157492970874166 3.448328533247992 3.10599304031515 1.4429668565643232 3.8871071022360764 2.532449061419786 4.213739972380722 3.109089924559534 1.8182923230883614 2.48627858146612 
3.7157492970874166 3.448328533247992 3.10599304031515 1.4429668565643232 3.8871071022360764 2.532449061419786 4.213739972380722 3.109089924559534 1.8182923230883614 2.48627858146612 
3.7157492970874166 3.448328533247992 3.10599304031515 1.4429668565643232 3.8871071022360764 2.532449061419786 4.213739972380722 3.109089924559534 1.8182923230883614 2.48627858146612 
3.7157492970874166 3.448328533247992 3.10599304031515 1.4429668565643232 3.8871071022360764 2.532449061419786 4.213739972380722 3.109089924559534 1.8182923230883614 2.48627858146612 
3.7157492970874166 3.448328533247992 3.10599304031515 1.4429668565643232 3.8871071022360764 2.532449061419786 4.213739972380722 3.109089924559534 1.8182923230883614 2.48627858146612 
3.7157492970874166 3.448328533247992 3.10599304031515 1.4429668565643232 3.8871071022360764 2.532449061419786 4.213739972380722 3.109089924559534 1.8182923230883614 2.48627858146612 
3.7157492970874166 3.448328533247992 3.10599304031515 1.4429668565643232 3.8871071022360764 2.532449061419786 4.213739972380722 3.109089924559534 1.8182923230883614 2.48627858146612 
3.7157492970874166 3.448328533247992 3.10599304031515 1.4429668565643232 3.8871071022360764 2.532449061419786 4.213739972380722 3.109089924559534 1.8182923230883614 2.48627858146612 
3.7157492970874166 3.448328533247992 3.10599304031515 1.4429668565643232 3.8871071022360764 2.532449061419786 4.213739972380722 3.109089924559534 1.8182923230883614 2.48627858146612 
3.7157492970874166 3.448328533247992 3.10599304031515 1.4429668565643232 3.8871071022360764 2.532449061419786 4.213739972380722 3.109089924559534 1.8182923230883614 2.48627858146612 
3.7157492970874166 3.448328533247992 3.10599304031515 1.4429668565643232 3.8871071022360764 2.532449061419786 4.213739972380722 3.109089924559534 1.8182923230883614 2.48627858146612 
3.7157492970874166 3.448328533247992 3.10599304031515 1.4429668565643232 3.8871071022360764 2.532449061419786 4.213739972380722 3.109089924559534 1.8182923230883614 2.48627858146612 
3.7157492970874166 3.448328533247992 3.10599304031515 1.4429668565643232 3.8871071022360764 2.532449061419786 4.213739972380722 3.109089924559534 1.8182923230883614 2.48627858146612 
3.7157492970874166 3.448328533247992 3.10599304031515 1.4429668565643232 3.8871071022360764 2.532449061419786 4.213739972380722 3.109089924559534 1.8182923230883614 2.48627858146612 
3.7157492970874166 3.448328533247992 3.10599304031515 1.4429668565643232 3.8871071022360764 2.532449061419786 4.213739972380722 3.109089924559534 1.8182923230883614 2.48627858146612 
3.7157492970874166 3.448328533247992 3.10599304031515 1.4429668565643232 3.8871071022360764 2.532449061419786 4.213739972380722 3.109089924559534 1.8182923230883614 2.48627858146612 
3.7157492970874166 3.448328533247992 3.10599304031515 1.4429668565643232 3.8871071022360764 2.532449061419786 4.213739972380722 3.109089924559534 1.8182923230883614 2.48627858146612 
3.7157492970874166 3.448328533247992 3.10599304031515 1.4429668565643232 3.8871071022360764 2.532449061419786 4.213739972380722 3.109089924559534 1.8182923230883614 2.48627858146612 
3.7157492970874166 3.448328533247992 3.10599304031515 1.4429668565643232 3.8871071022360764 2.532449061419786 4.213739972380722 3.109089924559534 1.8182923230883614 2.48627858146612 
3.7157492970874166 3.448328533247992 3.10599304031515 1.4429668565643232 3.8871071022360764 2.532449061419786 4.213739972380722 3.109089924559534 1.8182923230883614 2.48627858146612 
3.7157492970874166 3.448328533247992 3.10599304031515 1.4429668565643232 3.8871071022360764 2.532449061419786 4.213739972380722 3.109089924559534 1.8182923230883614 2.48627858146612 
3.7157492970874166 3.448328533247992 3.10599304031515 1.4429668565643232 3.8871071022360764 2.532449061419786 4.213739972380722 3.109089924559534 1.8182923230883614 2.48627858146612 
3.7157492970874166 3.448328533247992 3.10599304031515 1.4429668565643232 3.8871071022360764 2.532449061419786 4.213739972380722 3.109089924559534 1.8182923230883614 2.48627858146612 
3.7157492970874166 3.448328533247992 3.10599304031515 1.4429668565643232 3.8871071022360764 2.532449061419786 4.213739972380722 3.109089924559534 1.8182923230883614 2.48627858146612 
3.7157492970874166 3.448328533247992 3.10599304031515 1.4429668565643232 3.8871071022360764 2.532449061419786 4.213739972380722 3.109089924559534 1.8182923230883614 2.48627858146612 
3.7157492970874166 3.448328533247992 3.10599304031515 1.4429668565643232 3.8871071022360764 2.532449061419786 4.213739972380722 3.109089924559534 1.8182923230883614 2.48627858146612 
3.7157492970874166 3.448328533247992 3.10599304031515 1.4429668565643232 3.8871071022360764 2.532449061419786 4.213739972380722 3.109089924559534 1.8182923230883614 2.48627858146612 
3.7157492970874166 3.448328533247992 3.10599304031515 1.4429668565643232 3.8871071022360764 2.532449061419786 4.213739972380722 3.109089924559534 1.8182923230883614 2.48627858146612 
3.7157492970874166 3.448328533247992 3.10599304031515 1.4429668565643232 3.8871071022360764 2.532449061419786 4.213739972380722 3.109089924559534 1.8182923230883614 2.48627858146612 
3.7157492970874166 3.448328533247992 3.10599304031515 2.6316819847271544 3.8871071022360764 2.532449061419786 4.213739972380722 3.109089924559534 1.8182923230883614 2.48627858146612 
3.7157492970874166 3.448328533247992 3.10599304031515 2.6316819847271544 3.8871071022360764 2.532449061419786 4.213739972380722 3.109089924559534 1.8182923230883614 2.48627858146612 
3.7157492970874166 3.448328533247992 3.10599304031515 2.6316819847271544 3.8871071022360764 2.532449061419786 4.213739972380722 3.109089924559534 1.8182923230883614 2.48627858146612 
3.7157492970874166 3.448328533247992 3.10599304031515 2.6316819847271544 3.8871071022360764 2.532449061419786 4.213739972380722 3.109089924559534 1.8182923230883614 2.48627858146612 
3.7157492970874166 3.448328533247992 3.10599304031515 2.6316819847271544 3.8871071022360764 2.532449061419786 4.213739972380722 3.109089924559534 1.8182923230883614 2.48627858146612 
3.7157492970874166 3.448328533247992 3.10599304031515 2.6316819847271544 3.8871071022360764 2.532449061419786 4.213739972380722 3.109089924559534 1.8182923230883614 2.48627858146612 
3.7157492970874166 3.448328533247992 3.10599304031515 2.6316819847271544 3.8871071022360764 2.532449061419786 4.213739972380722 3.109089924559534 1.8182923230883614 2.48627858146612 
3.7157492970874166 3.448328533247992 3.10599304031515 2.6316819847271544 3.8871071022360764 2.532449061419786 4.213739972380722 3.109089924559534 1.8182923230883614 2.48627858146612 
3.7157492970874166 3.448328533247992 3.10599304031515 2.6316819847271544 3.8871071022360764 2.532449061419786 4.213739972380722 3.109089924559534 1.8182923230883614 2.48627858146612 
3.7157492970874166 3.448328533247992 3.10599304031515 2.6316819847271544 3.8871071022360764 2.532449061419786 4.213739972380722 3.109089924559534 1.8182923230883614 2.48627858146612 
3.7157492970874166 3.448328533247992 3.10599304031515 2.6316819847271544 3.8871071022360764 2.532449061419786 4.213739972380722 3.109089924559534 1.8182923230883614 2.48627858146612 
3.7157492970874166 3.448328533247992 3.10599304031515 2.6316819847271544 3.8871071022360764 2.532449061419786 4.213739972380722 3.109089924559534 1.8182923230883614 2.48627858146612 
3.7157492970874166 3.448328533247992 3.10599304031515 2.6316819847271544 3.8871071022360764 2.532449061419786 4.213739972380722 3.109089924559534 1.8182923230883614 2.48627858146612 
3.7157492970874166 3.448328533247992 3.10599304031515 2.6316819847271544 3.8871071022360764 2.532449061419786 4.213739972380722 3.109089924559534 1.8182923230883614 2.48627858146612 
3.7157492970874166 3.448328533247992 3.10599304031515 2.6316819847271544 3.8871071022360764 2.532449061419786 4.213739972380722 3.109089924559534 1.8182923230883614 2.48627858146612 
3.7157492970874166 3.448328533247992 3.10599304031515 2.6316819847271544 3.8871071022360764 2.532449061419786 4.213739972380722 3.109089924559534 1.8182923230883614 2.48627858146612 
3.7157492970874166 3.448328533247992 3.10599304031515 2.6316819847271544 3.8871071022360764 2.532449061419786 4.213739972380722 3.109089924559534 1.8182923230883614 2.48627858146612 
3.7157492970874166 3.448328533247992 3.10599304031515 2.6316819847271544 3.8871071022360764 2.532449061419786 4.213739972380722 3.109089924559534 1.8182923230883614 2.48627858146612 
3.7157492970874166 3.448328533247992 3.10599304031515 2.6316819847271544 3.8871071022360764 2.532449061419786 4.213739972380722 3.109089924559534 1.8182923230883614 2.48627858146612 
3.7157492970874166 3.448328533247992 3.10599304031515 2.6316819847271544 3.8871071022360764 2.532449061419786 4.213739972380722 3.109089924559534 1.8182923230883614 2.48627858146612 
3.7157492970874166 3.448328533247992 3.10599304031515 2.6316819847271544 3.8871071022360764 2.532449061419786 4.213739972380722 3.109089924559534 1.8182923230883614 2.48627858146612 
3.7157492970874166 3.448328533247992 3.10599304031515 2.6316819847271544 3.8871071022360764 2.532449061419786 4.213739972380722 3.109089924559534 1.8182923230883614 2.48627858146612 
3.7157492970874166 3.448328533247992 3.10599304031515 2.6316819847271544 3.8871071022360764 2.532449061419786 4.213739972380722 3.109089924559534 1.8182923230883614 2.48627858146612 
3.7157492970874166 3.448328533247992 3.10599304031515 2.6316819847271544 3.8871071022360764 2.532449061419786 4.213739972380722 3.109089924559534 1.8182923230883614 2.48627858146612 
3.7157492970874166 3.448328533247992 3.10599304031515 2.6316819847271544 3.8871071022360764 2.532449061419786 4.213739972380722 3.109089924559534 1.8182923230883614 2.48627858146612 
3.7157492970874166 3.448328533247992 3.10599304031515 2.6316819847271544 3.8871071022360764 2.532449061419786 4.213739972380722 3.109089924559534 1.8182923230883614 2.48627858146612 
3.7157492970874166 3.448328533247992 3.10599304031515 2.6316819847271544 3.8871071022360764 2.532449061419786 4.213739972380722 3.109089924559534 1.8182923230883614 2.48627858146612 
3.7157492970874166 3.448328533247992 3.2776135658768406 2.6316819847271544 3.8871071022360764 2.532449061419786 4.213739972380722 3.109089924559534 1.8182923230883614 2.48627858146612 
3.7157492970874166 3.448328533247992 3.2776135658768406 2.6316819847271544 3.8871071022360764 2.532449061419786 4.213739972380722 3.109089924559534 1.8182923230883614 2.48627858146612 
3.7157492970874166 3.448328533247992 3.2776135658768406 2.6316819847271544 3.8871071022360764 2.532449061419786 4.213739972380722 3.109089924559534 1.8182923230883614 2.48627858146612 
3.7157492970874166 3.448328533247992 3.2776135658768406 2.6316819847271544 3.8871071022360764 2.532449061419786 4.213739972380722 3.109089924559534 1.8182923230883614 2.48627858146612 
3.7157492970874166 3.448328533247992 3.2776135658768406 2.6316819847271544 3.8871071022360764 2.532449061419786 4.213739972380722 3.109089924559534 1.8182923230883614 2.48627858146612 
3.7157492970874166 3.448328533247992 3.2776135658768406 2.6316819847271544 3.8871071022360764 2.532449061419786 4.213739972380722 3.109089924559534 1.8182923230883614 2.48627858146612 
3.7157492970874166 3.448328533247992 3.2776135658768406 2.6316819847271544 3.8871071022360764 2.532449061419786 4.213739972380722 3.109089924559534 1.8182923230883614 2.48627858146612 
3.7157492970874166 3.448328533247992 3.2776135658768406 2.6316819847271544 3.8871071022360764 2.532449061419786 4.213739972380722 3.109089924559534 1.8182923230883614 2.48627858146612 
3.7157492970874166 3.448328533247992 3.2776135658768406 2.6316819847271544 3.8871071022360764 2.532449061419786 4.213739972380722 3.109089924559534 1.8182923230883614 2.48627858146612 
3.7157492970874166 3.448328533247992 3.2776135658768406 2.6316819847271544 3.8871071022360764 2.532449061419786 4.213739972380722 3.109089924559534 1.8182923230883614 2.48627858146612 
3.7157492970874166 3.448328533247992 3.2776135658768406 2.6316819847271544 3.8871071022360764 2.532449061419786 4.213739972380722 3.109089924559534 1.8182923230883614 2.48627858146612 
3.7157492970874166 3.448328533247992 3.2776135658768406 2.6316819847271544 3.8871071022360764 2.532449061419786 4.213739972380722 3.109089924559534 1.8182923230883614 2.48627858146612 
3.7157492970874166 3.448328533247992 3.2776135658768406 2.6316819847271544 3.8871071022360764 2.532449061419786 4.213739972380722 3.109089924559534 1.8182923230883614 2.48627858146612 
3.7157492970874166 3.448328533247992 3.2776135658768406 2.6316819847271544 3.9220307488937465 2.532449061419786 4.213739972380722 3.109089924559534 1.8182923230883614 2.48627858146612 
3.7157492970874166 3.448328533247992 3.2776135658768406 2.6316819847271544 3.9220307488937465 2.532449061419786 4.213739972380722 3.109089924559534 1.8182923230883614 2.48627858146612 
3.7157492970874166 3.448328533247992 3.2776135658768406 2.6316819847271544 3.9220307488937465 2.532449061419786 4.213739972380722 3.109089924559534 1.8182923230883614 2.48627858146612 
3.7157492970874166 3.448328533247992 3.2776135658768406 2.6316819847271544 3.9220307488937465 2.532449061419786 4.213739972380722 3.109089924559534 1.8182923230883614 2.48627858146612 
3.7157492970874166 3.448328533247992 3.2776135658768406 2.6316819847271544 3.9220307488937465 2.532449061419786 4.213739972380722 3.109089924559534 1.8182923230883614 2.48627858146612 
3.7157492970874166 3.448328533247992 3.2776135658768406 2.6316819847271544 3.9220307488937465 2.532449061419786 4.213739972380722 3.109089924559534 1.8182923230883614 2.48627858146612 
3.7157492970874166 3.448328533247992 3.2776135658768406 2.6316819847271544 3.9220307488937465 2.532449061419786 4.213739972380722 3.109089924559534 1.8182923230883614 2.48627858146612 
3.7157492970874166 3.448328533247992 3.2776135658768406 2.6316819847271544 3.9220307488937465 2.532449061419786 4.213739972380722 3.109089924559534 1.8182923230883614 2.48627858146612 
3.7157492970874166 3.448328533247992 3.2776135658768406 2.6316819847271544 3.9220307488937465 2.532449061419786 4.213739972380722 3.109089924559534 1.8182923230883614 2.48627858146612 
3.7157492970874166 3.448328533247992 3.2776135658768406 2.6316819847271544 3.9220307488937465 2.532449061419786 4.213739972380722 3.109089924559534 1.8182923230883614 2.48627858146612 
3.7157492970874166 3.448328533247992 3.2776135658768406 2.6316819847271544 3.9220307488937465 2.532449061419786 4.213739972380722 3.109089924559534 1.8182923230883614 2.48627858146612 
3.7157492970874166 3.448328533247992 3.2776135658768406 2.6316819847271544 3.9220307488937465 2.532449061419786 4.213739972380722 3.109089924559534 1.8182923230883614 2.48627858146612 
3.7157492970874166 3.448328533247992 3.2776135658768406 2.6316819847271544 3.9220307488937465 2.532449061419786 4.213739972380722 3.109089924559534 1.8182923230883614 2.48627858146612 
3.7157492970874166 3.448328533247992 3.2776135658768406 2.6316819847271544 3.9220307488937465 2.532449061419786 4.213739972380722 3.109089924559534 1.8182923230883614 2.48627858146612 
3.7157492970874166 3.448328533247992 3.2776135658768406 2.6316819847271544 3.9220307488937465 2.532449061419786 4.213739972380722 3.109089924559534 1.8182923230883614 2.48627858146612 
3.7157492970874166 3.448328533247992 3.2776135658768406 2.6316819847271544 3.9220307488937465 2.532449061419786 4.213739972380722 3.109089924559534 1.8182923230883614 2.48627858146612 
3.7157492970874166 3.448328533247992 3.2776135658768406 2.6316819847271544 3.9220307488937465 2.532449061419786 4.213739972380722 3.109089924559534 1.8182923230883614 2.48627858146612 
3.7157492970874166 3.448328533247992 3.2776135658768406 2.6316819847271544 3.9220307488937465 2.532449061419786 4.213739972380722 3.109089924559534 1.8182923230883614 2.48627858146612 
3.7157492970874166 3.448328533247992 3.2776135658768406 2.6316819847271544 3.9220307488937465 2.532449061419786 4.213739972380722 3.109089924559534 1.8182923230883614 2.48627858146612 
3.7157492970874166 3.448328533247992 3.2776135658768406 2.6316819847271544 3.9220307488937465 2.532449061419786 4.213739972380722 3.109089924559534 1.8182923230883614 2.48627858146612 
3.7157492970874166 3.448328533247992 3.2776135658768406 2.6316819847271544 3.9220307488937465 2.532449061419786 4.213739972380722 3.109089924559534 1.8182923230883614 2.48627858146612 
3.7157492970874166 3.448328533247992 3.2776135658768406 2.6316819847271544 3.9220307488937465 2.532449061419786 4.213739972380722 3.109089924559534 1.8182923230883614 2.48627858146612 
3.7157492970874166 3.448328533247992 3.2776135658768406 2.6316819847271544 3.9220307488937465 2.532449061419786 4.213739972380722 3.109089924559534 1.8182923230883614 2.48627858146612 
3.7157492970874166 3.448328533247992 3.2776135658768406 2.6316819847271544 3.9220307488937465 2.532449061419786 4.213739972380722 3.109089924559534 1.8182923230883614 2.48627858146612 
3.7157492970874166 3.448328533247992 3.2776135658768406 2.6316819847271544 3.9220307488937465 2.532449061419786 4.213739972380722 3.109089924559534 1.8182923230883614 2.48627858146612 
3.7157492970874166 3.448328533247992 3.2776135658768406 2.6316819847271544 3.9220307488937465 2.532449061419786 4.213739972380722 3.109089924559534 1.8182923230883614 2.48627858146612 
3.7157492970874166 3.448328533247992 3.2776135658768406 2.6316819847271544 3.9220307488937465 2.532449061419786 4.213739972380722 3.109089924559534 1.8182923230883614 2.48627858146612 
3.7157492970874166 3.448328533247992 3.2776135658768406 2.6316819847271544 3.9220307488937465 2.532449061419786 4.213739972380722 3.109089924559534 1.8182923230883614 2.48627858146612 
3.7157492970874166 3.448328533247992 3.2776135658768406 2.6316819847271544 3.9220307488937465 2.532449061419786 4.213739972380722 3.109089924559534 1.8182923230883614 2.48627858146612 
3.7157492970874166 3.448328533247992 3.2776135658768406 2.6316819847271544 3.9220307488937465 2.532449061419786 4.213739972380722 3.109089924559534 1.8182923230883614 2.48627858146612 
3.7157492970874166 3.448328533247992 3.2776135658768406 2.6316819847271544 3.9220307488937465 2.532449061419786 4.213739972380722 3.109089924559534 1.8182923230883614 2.48627858146612 
3.7157492970874166 3.448328533247992 3.2776135658768406 2.6316819847271544 3.9220307488937465 2.532449061419786 4.213739972380722 3.109089924559534 1.8182923230883614 2.48627858146612 
3.7157492970874166 3.448328533247992 3.2776135658768406 2.6316819847271544 3.9220307488937465 2.532449061419786 4.213739972380722 3.109089924559534 1.8182923230883614 2.48627858146612 
3.7157492970874166 3.448328533247992 3.2776135658768406 2.6316819847271544 3.9220307488937465 2.532449061419786 4.213739972380722 3.109089924559534 1.8182923230883614 2.48627858146612 
3.7157492970874166 3.448328533247992 3.2776135658768406 2.6316819847271544 3.9220307488937465 2.532449061419786 4.213739972380722 3.109089924559534 1.8182923230883614 2.48627858146612 
3.7157492970874166 3.448328533247992 3.2776135658768406 2.6316819847271544 3.9220307488937465 2.532449061419786 4.213739972380722 3.109089924559534 1.8182923230883614 2.48627858146612 
3.7157492970874166 3.448328533247992 3.2776135658768406 2.6316819847271544 3.9220307488937465 2.532449061419786 4.213739972380722 3.109089924559534 1.8182923230883614 2.48627858146612 
3.7157492970874166 3.448328533247992 3.2776135658768406 2.6316819847271544 3.9220307488937465 2.532449061419786 4.213739972380722 3.109089924559534 1.8182923230883614 2.48627858146612 
3.7157492970874166 3.448328533247992 3.2776135658768406 2.6316819847271544 3.9220307488937465 2.532449061419786 4.213739972380722 3.109089924559534 1.8182923230883614 2.48627858146612 
3.7157492970874166 3.448328533247992 3.2776135658768406 2.6316819847271544 3.9220307488937465 2.532449061419786 4.213739972380722 3.109089924559534 1.8182923230883614 2.48627858146612 
3.7157492970874166 3.448328533247992 3.2776135658768406 2.6316819847271544 3.9220307488937465 2.532449061419786 4.213739972380722 3.109089924559534 1.8182923230883614 2.48627858146612 
3.7157492970874166 3.448328533247992 3.2776135658768406 2.6316819847271544 3.9220307488937465 2.532449061419786 4.213739972380722 3.109089924559534 1.8182923230883614 2.48627858146612 
3.7157492970874166 3.448328533247992 3.2776135658768406 2.6316819847271544 3.9220307488937465 2.532449061419786 4.213739972380722 3.109089924559534 1.8182923230883614 2.48627858146612 
3.7157492970874166 3.448328533247992 3.2776135658768406 2.6316819847271544 3.9220307488937465 2.532449061419786 4.213739972380722 3.109089924559534 1.8182923230883614 2.48627858146612 
3.7157492970874166 3.448328533247992 3.2776135658768406 2.6316819847271544 3.9220307488937465 2.532449061419786 4.213739972380722 3.109089924559534 1.8182923230883614 2.48627858146612 
3.7157492970874166 3.448328533247992 3.2776135658768406 2.6316819847271544 3.9220307488937465 2.532449061419786 4.213739972380722 3.109089924559534 1.8182923230883614 2.48627858146612 
3.7157492970874166 3.448328533247992 3.2776135658768406 2.6316819847271544 3.9220307488937465 2.532449061419786 4.213739972380722 3.109089924559534 1.8182923230883614 2.48627858146612 
3.7157492970874166 3.448328533247992 3.2776135658768406 2.6316819847271544 3.9220307488937465 2.532449061419786 4.213739972380722 3.109089924559534 1.8182923230883614 2.48627858146612 
3.7157492970874166 3.448328533247992 3.2776135658768406 2.6316819847271544 3.9220307488937465 2.532449061419786 4.213739972380722 3.109089924559534 1.8182923230883614 2.5144504143842816 
3.7157492970874166 3.448328533247992 3.2776135658768406 2.6316819847271544 3.9220307488937465 2.532449061419786 4.213739972380722 3.109089924559534 1.8182923230883614 2.5144504143842816 
3.7157492970874166 3.448328533247992 3.2776135658768406 2.6316819847271544 3.9220307488937465 2.532449061419786 4.213739972380722 3.109089924559534 1.8182923230883614 2.5144504143842816 
3.7157492970874166 3.448328533247992 3.2776135658768406 2.6316819847271544 3.9220307488937465 2.532449061419786 4.213739972380722 3.109089924559534 1.8182923230883614 2.5144504143842816 
3.7157492970874166 3.448328533247992 3.2776135658768406 2.6316819847271544 3.9220307488937465 2.532449061419786 4.213739972380722 3.109089924559534 1.8182923230883614 2.5144504143842816 
3.7157492970874166 3.448328533247992 3.2776135658768406 2.6316819847271544 3.9220307488937465 2.532449061419786 4.213739972380722 3.109089924559534 1.8182923230883614 2.5144504143842816 
3.7157492970874166 3.448328533247992 3.2776135658768406 2.6316819847271544 3.9220307488937465 2.532449061419786 4.213739972380722 3.109089924559534 1.8182923230883614 2.5144504143842816 
3.7157492970874166 3.448328533247992 3.2776135658768406 2.6316819847271544 3.9220307488937465 2.532449061419786 4.213739972380722 3.109089924559534 1.8182923230883614 2.5144504143842816 
3.7157492970874166 3.448328533247992 3.2776135658768406 2.6316819847271544 3.9220307488937465 2.532449061419786 4.213739972380722 3.109089924559534 1.8182923230883614 2.5144504143842816 
3.7157492970874166 3.448328533247992 3.2776135658768406 2.6316819847271544 3.9220307488937465 2.532449061419786 4.213739972380722 3.109089924559534 1.8182923230883614 2.5144504143842816 
3.7157492970874166 3.448328533247992 3.2776135658768406 2.6316819847271544 3.9220307488937465 2.532449061419786 4.213739972380722 3.109089924559534 1.8182923230883614 2.5144504143842816 
3.7157492970874166 3.448328533247992 3.2776135658768406 2.6316819847271544 3.9220307488937465 2.532449061419786 4.213739972380722 3.109089924559534 1.8182923230883614 2.5144504143842816 
3.7157492970874166 3.448328533247992 3.2776135658768406 2.6316819847271544 3.9220307488937465 2.532449061419786 4.213739972380722 3.109089924559534 1.8182923230883614 2.5144504143842816 
3.7157492970874166 3.448328533247992 3.2776135658768406 2.6316819847271544 3.9220307488937465 2.532449061419786 4.213739972380722 3.109089924559534 1.8182923230883614 2.5144504143842816 
3.7157492970874166 3.448328533247992 3.2776135658768406 2.6316819847271544 3.9220307488937465 2.532449061419786 4.213739972380722 3.109089924559534 1.8182923230883614 2.5144504143842816 
3.7157492970874166 3.448328533247992 3.2776135658768406 2.6316819847271544 3.9220307488937465 2.532449061419786 4.213739972380722 3.109089924559534 1.8182923230883614 2.5144504143842816 
3.7157492970874166 3.448328533247992 3.2776135658768406 2.6316819847271544 3.9220307488937465 2.532449061419786 4.213739972380722 3.109089924559534 1.8182923230883614 2.5144504143842816 
3.7157492970874166 3.448328533247992 3.2776135658768406 2.6316819847271544 3.9220307488937465 2.532449061419786 4.213739972380722 3.109089924559534 1.8182923230883614 2.5144504143842816 
3.7157492970874166 3.448328533247992 3.2776135658768406 2.6316819847271544 3.9220307488937465 2.532449061419786 4.213739972380722 3.109089924559534 1.8182923230883614 2.5144504143842816 
3.7157492970874166 3.448328533247992 3.2776135658768406 2.6316819847271544 3.9220307488937465 2.532449061419786 4.213739972380722 3.109089924559534 1.8182923230883614 2.5144504143842816 
3.7157492970874166 3.448328533247992 3.2776135658768406 2.6316819847271544 3.9220307488937465 2.532449061419786 4.213739972380722 3.109089924559534 1.8182923230883614 2.5144504143842816 
3.7157492970874166 3.448328533247992 3.2776135658768406 2.6316819847271544 3.9220307488937465 2.532449061419786 4.213739972380722 3.109089924559534 1.8182923230883614 2.5144504143842816 
3.7157492970874166 3.448328533247992 3.2776135658768406 2.6316819847271544 3.9220307488937465 2.532449061419786 4.213739972380722 3.109089924559534 1.8182923230883614 2.5144504143842816 
3.7157492970874166 3.448328533247992 3.2776135658768406 2.6316819847271544 3.9220307488937465 2.532449061419786 4.213739972380722 3.109089924559534 1.8182923230883614 2.5144504143842816 
3.7157492970874166 3.448328533247992 3.2776135658768406 2.6316819847271544 3.9220307488937465 2.532449061419786 4.213739972380722 3.109089924559534 1.8182923230883614 2.5144504143842816 
3.7157492970874166 3.448328533247992 3.2776135658768406 2.6316819847271544 3.9220307488937465 2.532449061419786 4.213739972380722 3.109089924559534 1.8182923230883614 2.5144504143842816 
3.7157492970874166 3.448328533247992 3.2776135658768406 2.6316819847271544 3.9220307488937465 2.532449061419786 4.213739972380722 3.109089924559534 1.8182923230883614 2.5144504143842816 
3.7157492970874166 3.448328533247992 3.2776135658768406 2.6316819847271544 3.9220307488937465 2.532449061419786 4.213739972380722 3.109089924559534 1.8182923230883614 2.5144504143842816 
3.7157492970874166 3.448328533247992 3.2776135658768406 2.6316819847271544 3.9220307488937465 2.532449061419786 4.213739972380722 3.109089924559534 1.8182923230883614 2.5144504143842816 
3.7157492970874166 3.448328533247992 3.2776135658768406 2.6316819847271544 3.9220307488937465 2.532449061419786 4.213739972380722 3.109089924559534 1.8182923230883614 2.5144504143842816 
3.7157492970874166 3.448328533247992 3.2776135658768406 2.6316819847271544 3.9220307488937465 2.532449061419786 4.213739972380722 3.109089924559534 1.8182923230883614 2.5144504143842816 
3.7157492970874166 3.448328533247992 3.2776135658768406 2.6316819847271544 3.9220307488937465 2.532449061419786 4.213739972380722 3.109089924559534 1.8182923230883614 2.5144504143842816 
3.7157492970874166 3.448328533247992 3.2776135658768406 2.6316819847271544 3.9220307488937465 2.532449061419786 4.213739972380722 3.109089924559534 1.8182923230883614 2.5144504143842816 
3.7157492970874166 3.448328533247992 3.2776135658768406 2.6316819847271544 3.9220307488937465 2.532449061419786 4.213739972380722 3.109089924559534 1.8182923230883614 2.5144504143842816 
3.7157492970874166 3.448328533247992 3.2776135658768406 2.6316819847271544 3.9220307488937465 2.532449061419786 4.213739972380722 3.109089924559534 1.8182923230883614 2.5144504143842816 
3.7157492970874166 3.448328533247992 3.2776135658768406 2.6316819847271544 3.9220307488937465 2.532449061419786 4.213739972380722 3.109089924559534 1.8182923230883614 2.5144504143842816 
3.7157492970874166 3.448328533247992 3.2776135658768406 2.6316819847271544 3.9220307488937465 2.532449061419786 4.213739972380722 3.109089924559534 1.8182923230883614 2.5144504143842816 
3.7157492970874166 3.448328533247992 3.2776135658768406 2.6316819847271544 3.9220307488937465 2.532449061419786 4.213739972380722 3.109089924559534 1.8182923230883614 2.5144504143842816 
3.7157492970874166 3.448328533247992 3.2776135658768406 2.6316819847271544 3.9220307488937465 2.532449061419786 4.213739972380722 3.109089924559534 1.8182923230883614 2.5144504143842816 
3.7157492970874166 3.448328533247992 3.2776135658768406 2.6316819847271544 3.9220307488937465 2.532449061419786 4.213739972380722 3.109089924559534 1.8182923230883614 2.5144504143842816 
3.7157492970874166 3.448328533247992 3.2776135658768406 2.6316819847271544 3.9220307488937465 2.532449061419786 4.213739972380722 3.109089924559534 1.8182923230883614 2.5144504143842816 
3.7157492970874166 3.448328533247992 3.2776135658768406 2.6316819847271544 3.9220307488937465 2.532449061419786 4.213739972380722 3.109089924559534 1.8182923230883614 2.5144504143842816 
3.7157492970874166 3.448328533247992 3.2776135658768406 2.6316819847271544 3.9220307488937465 2.532449061419786 4.213739972380722 3.109089924559534 1.8182923230883614 2.5144504143842816 
3.7157492970874166 3.448328533247992 3.2776135658768406 2.6316819847271544 3.9220307488937465 2.532449061419786 4.213739972380722 3.109089924559534 1.8182923230883614 2.5144504143842816 
3.7157492970874166 3.448328533247992 3.2776135658768406 2.6316819847271544 3.9220307488937465 2.532449061419786 4.213739972380722 3.109089924559534 1.8182923230883614 2.5144504143842816 
3.7157492970874166 3.448328533247992 3.2776135658768406 2.6316819847271544 3.9220307488937465 2.532449061419786 4.213739972380722 3.109089924559534 1.8182923230883614 2.5144504143842816 
3.7157492970874166 3.448328533247992 3.2776135658768406 2.6316819847271544 3.9220307488937465 2.532449061419786 4.213739972380722 3.109089924559534 1.8182923230883614 2.5144504143842816 
3.7157492970874166 3.448328533247992 3.2776135658768406 2.6316819847271544 3.9220307488937465 2.532449061419786 4.213739972380722 3.109089924559534 1.8182923230883614 2.5144504143842816 
3.7157492970874166 3.448328533247992 3.2776135658768406 2.6316819847271544 3.9220307488937465 2.532449061419786 4.213739972380722 3.109089924559534 1.8182923230883614 2.5144504143842816 
3.7157492970874166 3.448328533247992 3.2776135658768406 2.6316819847271544 3.9220307488937465 2.532449061419786 4.213739972380722 3.109089924559534 1.8182923230883614 2.6209633429111516 
3.7157492970874166 3.448328533247992 3.2776135658768406 2.6316819847271544 3.9220307488937465 2.532449061419786 4.213739972380722 3.109089924559534 1.8182923230883614 2.6209633429111516 
3.7157492970874166 3.448328533247992 3.2776135658768406 2.6316819847271544 3.9220307488937465 2.532449061419786 4.213739972380722 3.109089924559534 1.8182923230883614 2.6209633429111516 
3.7157492970874166 3.448328533247992 3.2776135658768406 2.6316819847271544 3.9220307488937465 2.532449061419786 4.213739972380722 3.109089924559534 1.8182923230883614 2.6209633429111516 
3.7157492970874166 3.448328533247992 3.2776135658768406 2.6316819847271544 3.9220307488937465 2.532449061419786 4.213739972380722 3.109089924559534 1.8182923230883614 2.6209633429111516 
3.7157492970874166 3.448328533247992 3.2776135658768406 2.6316819847271544 3.9220307488937465 2.532449061419786 4.213739972380722 3.109089924559534 1.8182923230883614 2.6209633429111516 
3.7157492970874166 3.448328533247992 3.2776135658768406 2.6316819847271544 3.9220307488937465 2.532449061419786 4.213739972380722 3.109089924559534 1.8182923230883614 2.6209633429111516 
3.7157492970874166 3.448328533247992 3.2776135658768406 2.6316819847271544 3.9220307488937465 2.532449061419786 4.213739972380722 3.109089924559534 1.8182923230883614 2.6209633429111516 
3.7157492970874166 3.448328533247992 3.2776135658768406 2.6316819847271544 3.9220307488937465 2.532449061419786 4.213739972380722 3.109089924559534 1.8182923230883614 2.6209633429111516 
3.7157492970874166 3.448328533247992 3.2776135658768406 2.6316819847271544 3.9220307488937465 2.532449061419786 4.213739972380722 3.109089924559534 1.8182923230883614 2.6209633429111516 
3.7157492970874166 3.448328533247992 3.2776135658768406 2.6316819847271544 3.9220307488937465 2.532449061419786 4.213739972380722 3.109089924559534 1.8182923230883614 2.6209633429111516 
3.7157492970874166 3.448328533247992 3.2776135658768406 2.6316819847271544 3.9220307488937465 2.532449061419786 4.213739972380722 3.109089924559534 1.8182923230883614 2.6209633429111516 
3.7157492970874166 3.448328533247992 3.2776135658768406 2.6316819847271544 3.9220307488937465 2.532449061419786 4.213739972380722 3.109089924559534 1.8182923230883614 2.6209633429111516 
3.7157492970874166 3.448328533247992 3.2776135658768406 2.6316819847271544 3.9220307488937465 2.532449061419786 4.213739972380722 3.109089924559534 1.8182923230883614 2.6209633429111516 
3.7157492970874166 3.448328533247992 3.2776135658768406 2.6316819847271544 3.9220307488937465 2.532449061419786 4.213739972380722 3.109089924559534 1.8182923230883614 2.6209633429111516 
3.7157492970874166 3.448328533247992 3.2776135658768406 2.6316819847271544 3.9220307488937465 2.532449061419786 4.213739972380722 3.109089924559534 1.8182923230883614 2.6209633429111516 
3.7157492970874166 3.448328533247992 3.2776135658768406 2.6316819847271544 3.9220307488937465 2.532449061419786 4.213739972380722 3.109089924559534 1.8182923230883614 2.6209633429111516 
3.7157492970874166 3.448328533247992 3.2776135658768406 2.6316819847271544 3.9220307488937465 2.532449061419786 4.213739972380722 3.109089924559534 1.8182923230883614 2.6209633429111516 
3.7157492970874166 3.448328533247992 3.2776135658768406 2.6316819847271544 3.9220307488937465 2.532449061419786 4.213739972380722 3.109089924559534 1.8182923230883614 2.6209633429111516 
3.7157492970874166 3.448328533247992 3.2776135658768406 2.6316819847271544 3.9220307488937465 2.532449061419786 4.213739972380722 3.109089924559534 1.8182923230883614 2.6209633429111516 
3.7157492970874166 3.448328533247992 3.2776135658768406 2.6316819847271544 3.9220307488937465 2.532449061419786 4.213739972380722 3.109089924559534 1.8182923230883614 2.6209633429111516 
3.7157492970874166 3.448328533247992 3.2776135658768406 2.6316819847271544 3.9220307488937465 2.532449061419786 4.213739972380722 3.109089924559534 1.8182923230883614 2.6209633429111516 
3.7157492970874166 3.448328533247992 3.2776135658768406 2.6316819847271544 3.9220307488937465 2.532449061419786 4.213739972380722 3.109089924559534 1.8182923230883614 2.6209633429111516 
3.7157492970874166 3.448328533247992 3.2776135658768406 2.6316819847271544 3.9220307488937465 2.532449061419786 4.213739972380722 3.109089924559534 1.8182923230883614 2.6209633429111516 
3.7157492970874166 3.448328533247992 3.2776135658768406 2.6316819847271544 3.9220307488937465 2.532449061419786 4.213739972380722 3.109089924559534 1.8182923230883614 2.6209633429111516 
3.7157492970874166 3.448328533247992 3.2776135658768406 2.6316819847271544 3.9220307488937465 2.532449061419786 4.213739972380722 3.109089924559534 1.8182923230883614 2.6209633429111516 
3.7157492970874166 3.448328533247992 3.2776135658768406 2.6316819847271544 3.9220307488937465 2.532449061419786 4.213739972380722 3.109089924559534 1.8182923230883614 2.6209633429111516 
3.7157492970874166 3.448328533247992 3.2776135658768406 2.6316819847271544 3.9220307488937465 2.532449061419786 4.213739972380722 3.109089924559534 1.8182923230883614 2.6209633429111516 
3.7157492970874166 3.448328533247992 3.2776135658768406 2.6316819847271544 3.9220307488937465 2.532449061419786 4.213739972380722 3.109089924559534 1.8182923230883614 2.6209633429111516 
3.7157492970874166 3.448328533247992 3.2776135658768406 2.6316819847271544 3.9220307488937465 2.532449061419786 4.213739972380722 3.109089924559534 1.8182923230883614 2.6209633429111516 
3.7157492970874166 3.448328533247992 3.2776135658768406 2.6316819847271544 3.9220307488937465 2.532449061419786 4.213739972380722 3.109089924559534 1.8182923230883614 2.6209633429111516 
3.7157492970874166 3.448328533247992 3.2776135658768406 2.6316819847271544 3.9220307488937465 2.532449061419786 4.213739972380722 3.109089924559534 1.8182923230883614 2.6209633429111516 
3.7157492970874166 3.448328533247992 3.2776135658768406 2.6316819847271544 3.9220307488937465 2.532449061419786 4.213739972380722 3.109089924559534 1.8182923230883614 2.6209633429111516 
3.7157492970874166 3.448328533247992 3.2776135658768406 2.6316819847271544 3.9220307488937465 2.532449061419786 4.213739972380722 3.109089924559534 1.8182923230883614 2.6209633429111516 
3.7157492970874166 3.448328533247992 3.2776135658768406 2.6316819847271544 3.9220307488937465 2.532449061419786 4.213739972380722 3.109089924559534 1.8182923230883614 2.6209633429111516 
3.7157492970874166 3.448328533247992 3.2776135658768406 2.6316819847271544 3.9220307488937465 2.532449061419786 4.213739972380722 3.109089924559534 1.8182923230883614 2.6209633429111516 
3.7157492970874166 3.448328533247992 3.2776135658768406 2.6316819847271544 3.9220307488937465 2.532449061419786 4.213739972380722 3.109089924559534 1.8182923230883614 2.6209633429111516 
3.7157492970874166 3.448328533247992 3.2776135658768406 2.6316819847271544 3.9220307488937465 2.532449061419786 4.213739972380722 3.109089924559534 1.8182923230883614 2.6209633429111516 
3.7157492970874166 3.448328533247992 3.2776135658768406 2.6316819847271544 3.9220307488937465 2.532449061419786 4.213739972380722 3.109089924559534 1.8182923230883614 2.6209633429111516 
3.7157492970874166 3.448328533247992 3.2776135658768406 2.6316819847271544 3.9220307488937465 2.532449061419786 4.213739972380722 3.109089924559534 1.8182923230883614 2.6209633429111516 
3.7157492970874166 3.448328533247992 3.2776135658768406 2.6316819847271544 3.9220307488937465 2.532449061419786 4.213739972380722 3.109089924559534 1.8182923230883614 2.6209633429111516 
3.7157492970874166 3.448328533247992 3.2776135658768406 2.6316819847271544 3.9220307488937465 2.532449061419786 4.213739972380722 3.109089924559534 1.8182923230883614 2.6209633429111516 
3.7157492970874166 3.448328533247992 3.2776135658768406 2.6316819847271544 3.9220307488937465 2.532449061419786 4.213739972380722 3.109089924559534 1.8182923230883614 2.6209633429111516 
3.7157492970874166 3.448328533247992 3.2776135658768406 2.6316819847271544 3.9220307488937465 2.532449061419786 4.213739972380722 3.109089924559534 1.8182923230883614 2.6209633429111516 
3.7157492970874166 3.448328533247992 3.2776135658768406 2.6316819847271544 3.9220307488937465 2.532449061419786 4.213739972380722 3.109089924559534 1.8182923230883614 2.6209633429111516 
3.7157492970874166 3.448328533247992 3.2776135658768406 2.6316819847271544 3.9220307488937465 2.532449061419786 4.213739972380722 3.109089924559534 1.8182923230883614 2.6209633429111516 
3.7157492970874166 3.448328533247992 3.2776135658768406 2.6316819847271544 3.9220307488937465 2.532449061419786 4.213739972380722 3.109089924559534 1.8182923230883614 2.6209633429111516 
3.7157492970874166 3.448328533247992 3.2776135658768406 2.6316819847271544 3.9220307488937465 2.532449061419786 4.213739972380722 3.109089924559534 1.8182923230883614 2.6209633429111516 
3.7157492970874166 3.448328533247992 3.2776135658768406 2.6316819847271544 3.9220307488937465 2.532449061419786 4.213739972380722 3.109089924559534 1.8182923230883614 2.6209633429111516 
3.7157492970874166 3.448328533247992 3.2776135658768406 2.6316819847271544 3.9220307488937465 2.532449061419786 4.213739972380722 3.109089924559534 1.8182923230883614 2.6209633429111516 
3.7157492970874166 3.448328533247992 3.2776135658768406 2.6316819847271544 3.9220307488937465 2.532449061419786 4.213739972380722 3.109089924559534 1.8182923230883614 2.6209633429111516 
3.7157492970874166 3.448328533247992 3.2776135658768406 2.6316819847271544 3.9220307488937465 2.532449061419786 4.213739972380722 3.109089924559534 1.8182923230883614 2.6209633429111516 
3.7157492970874166 3.448328533247992 3.2776135658768406 2.6316819847271544 3.9220307488937465 2.532449061419786 4.213739972380722 3.109089924559534 1.8182923230883614 2.6209633429111516 
3.7157492970874166 3.448328533247992 3.2776135658768406 2.6316819847271544 3.9220307488937465 2.532449061419786 4.213739972380722 3.109089924559534 1.8182923230883614 2.6209633429111516 
3.7157492970874166 3.448328533247992 3.2776135658768406 2.6316819847271544 3.9220307488937465 2.532449061419786 4.213739972380722 3.109089924559534 1.8182923230883614 2.6209633429111516 
3.7157492970874166 3.448328533247992 3.2776135658768406 2.6316819847271544 3.9220307488937465 2.532449061419786 4.213739972380722 3.109089924559534 1.8182923230883614 2.6209633429111516 
3.7157492970874166 3.448328533247992 3.2776135658768406 2.6316819847271544 3.9220307488937465 2.532449061419786 4.213739972380722 3.109089924559534 1.8182923230883614 2.6209633429111516 
3.7157492970874166 3.448328533247992 3.2776135658768406 2.6316819847271544 3.9220307488937465 2.532449061419786 4.213739972380722 3.109089924559534 1.8182923230883614 2.6209633429111516 
3.7157492970874166 3.448328533247992 3.2776135658768406 2.6316819847271544 3.9220307488937465 2.532449061419786 4.213739972380722 3.109089924559534 1.8182923230883614 2.6209633429111516 
3.7157492970874166 3.448328533247992 3.2776135658768406 2.6316819847271544 3.9220307488937465 2.532449061419786 4.213739972380722 3.109089924559534 1.8182923230883614 2.6209633429111516 
3.7157492970874166 3.448328533247992 3.2776135658768406 2.6316819847271544 3.9220307488937465 2.532449061419786 4.213739972380722 3.109089924559534 1.8182923230883614 2.6209633429111516 
3.7157492970874166 3.448328533247992 3.2776135658768406 2.6316819847271544 3.9220307488937465 2.532449061419786 4.213739972380722 3.109089924559534 1.8182923230883614 2.6209633429111516 
3.7157492970874166 3.448328533247992 3.2776135658768406 2.6316819847271544 3.9220307488937465 2.532449061419786 4.213739972380722 3.109089924559534 1.8182923230883614 2.6209633429111516 
3.7157492970874166 3.448328533247992 3.2776135658768406 2.8213994644621985 3.9220307488937465 2.532449061419786 4.213739972380722 3.109089924559534 1.8182923230883614 2.6209633429111516 
3.7157492970874166 3.448328533247992 3.2776135658768406 2.8213994644621985 3.9220307488937465 2.532449061419786 4.213739972380722 3.109089924559534 1.8182923230883614 2.6209633429111516 
3.7157492970874166 3.448328533247992 3.2776135658768406 2.8213994644621985 3.9220307488937465 2.532449061419786 4.213739972380722 3.109089924559534 1.8182923230883614 2.6209633429111516 
3.7157492970874166 3.448328533247992 3.2776135658768406 2.8213994644621985 3.9220307488937465 2.532449061419786 4.213739972380722 3.109089924559534 1.8182923230883614 2.6209633429111516 
3.7157492970874166 3.448328533247992 3.2776135658768406 2.8213994644621985 3.9220307488937465 2.532449061419786 4.213739972380722 3.109089924559534 1.8182923230883614 2.6209633429111516 
3.7157492970874166 3.448328533247992 3.2776135658768406 2.8213994644621985 3.9220307488937465 2.532449061419786 4.213739972380722 3.109089924559534 1.8182923230883614 2.6209633429111516 
3.7157492970874166 3.448328533247992 3.2776135658768406 2.8213994644621985 3.9220307488937465 2.532449061419786 4.213739972380722 3.109089924559534 1.8182923230883614 2.6209633429111516 
3.7157492970874166 3.448328533247992 3.35643983061058 2.8213994644621985 3.9220307488937465 2.532449061419786 4.213739972380722 3.109089924559534 1.8182923230883614 2.6209633429111516 
3.7157492970874166 3.448328533247992 3.35643983061058 2.8213994644621985 3.9220307488937465 2.532449061419786 4.213739972380722 3.109089924559534 1.8182923230883614 2.6209633429111516 
