-0.2933540522755833 1.0067323578460161 1.6325004777740901 0.9793275973972538 0.8271529292534536 1.0013337560208453 3.336055971281257 0.569802041604892 -0.22369804885072841 0.2569307106080452 
-0.2645913293416546 1.0067323578460161 1.6325004777740901 0.9793275973972538 0.8271529292534536 1.0013337560208453 3.336055971281257 0.569802041604892 0.5278696916678173 1.1819397623371308 
0.7749051740945574 1.0067323578460161 1.6325004777740901 0.9793275973972538 0.8271529292534536 1.0013337560208453 3.336055971281257 0.569802041604892 0.5278696916678173 1.1819397623371308 
0.7749051740945574 1.0067323578460161 1.6325004777740901 0.9793275973972538 0.8271529292534536 1.0013337560208453 3.336055971281257 0.6473199328131788 0.9544345331691879 2.0733019259061507 
0.7749051740945574 1.0067323578460161 1.6325004777740901 0.9793275973972538 0.8271529292534536 1.0013337560208453 3.336055971281257 1.1211082425823635 0.9544345331691879 2.0733019259061507 
0.7749051740945574 1.0067323578460161 1.6325004777740901 0.9793275973972538 0.8271529292534536 1.2315820256576593 3.336055971281257 1.1211082425823635 0.9544345331691879 2.0733019259061507 
0.7749051740945574 1.0067323578460161 2.7548940208726322 1.7446092642573587 0.8271529292534536 1.2315820256576593 3.336055971281257 1.1211082425823635 2.7028453182644947 2.0733019259061507 
0.7749051740945574 1.0067323578460161 2.7548940208726322 1.7446092642573587 1.5098663858501964 1.2315820256576593 3.336055971281257 1.1211082425823635 2.7028453182644947 2.0733019259061507 
0.7749051740945574 1.0067323578460161 2.7548940208726322 1.7446092642573587 1.5098663858501964 1.2315820256576593 3.336055971281257 1.1211082425823635 2.7028453182644947 2.0733019259061507 
0.7749051740945574 1.0067323578460161 2.7548940208726322 1.7446092642573587 1.5098663858501964 1.2315820256576593 3.336055971281257 1.1211082425823635 2.7028453182644947 2.0733019259061507 
0.7749051740945574 1.0067323578460161 2.7548940208726322 2.3913048306469733 1.5098663858501964 1.2315820256576593 3.336055971281257 1.1211082425823635 2.7028453182644947 2.8768620469839252 
0.7749051740945574 1.472800625338058 2.7548940208726322 2.3913048306469733 1.5098663858501964 1.2315820256576593 3.336055971281257 1.1211082425823635 2.7028453182644947 2.8768620469839252 
0.7749051740945574 1.472800625338058 2.7548940208726322 2.3913048306469733 1.5098663858501964 1.2315820256576593 3.336055971281257 1.1211082425823635 2.7028453182644947 2.8768620469839252 
0.7749051740945574 1.472800625338058 2.7548940208726322 2.3913048306469733 1.5098663858501964 1.2315820256576593 3.336055971281257 1.1211082425823635 2.7028453182644947 2.8768620469839252 
0.7749051740945574 1.472800625338058 2.7548940208726322 2.3913048306469733 1.5098663858501964 1.2315820256576593 3.336055971281257 1.1211082425823635 2.7028453182644947 2.8768620469839252 
0.7749051740945574 1.472800625338058 2.7548940208726322 2.3913048306469733 1.5098663858501964 1.2315820256576593 3.336055971281257 1.1211082425823635 2.7028453182644947 2.8768620469839252 
0.7749051740945574 1.472800625338058 2.7548940208726322 2.3913048306469733 1.5098663858501964 1.2315820256576593 3.336055971281257 1.1211082425823635 2.7028453182644947 2.8768620469839252 
0.7749051740945574 1.472800625338058 2.7548940208726322 2.3913048306469733 1.5098663858501964 1.2315820256576593 3.336055971281257 1.1211082425823635 2.7028453182644947 2.8768620469839252 
0.7749051740945574 1.472800625338058 2.7548940208726322 2.3913048306469733 1.5098663858501964 2.18311545750743 3.336055971281257 1.1211082425823635 2.7028453182644947 2.8768620469839252 
0.7749051740945574 1.472800625338058 2.7548940208726322 2.3913048306469733 1.5098663858501964 2.593286436261522 3.336055971281257 1.1211082425823635 2.7028453182644947 2.8768620469839252 
0.7749051740945574 1.472800625338058 2.7548940208726322 2.3913048306469733 1.5098663858501964 2.593286436261522 3.336055971281257 1.1211082425823635 2.7028453182644947 2.8768620469839252 
0.7749051740945574 1.472800625338058 2.7548940208726322 2.3913048306469733 1.5098663858501964 2.593286436261522 3.336055971281257 1.1211082425823635 2.7028453182644947 2.8768620469839252 
0.7749051740945574 1.472800625338058 2.7548940208726322 2.3913048306469733 1.5098663858501964 2.593286436261522 3.336055971281257 1.1211082425823635 2.7028453182644947 2.8768620469839252 
0.7749051740945574 1.472800625338058 2.7548940208726322 2.3913048306469733 1.5098663858501964 2.593286436261522 3.336055971281257 1.1211082425823635 2.7028453182644947 2.9971106553392004 
1.4892027161030794 1.472800625338058 2.7548940208726322 2.3913048306469733 1.5098663858501964 2.593286436261522 3.336055971281257 1.1211082425823635 2.7028453182644947 2.9971106553392004 
1.4892027161030794 1.472800625338058 2.7548940208726322 2.3913048306469733 1.5098663858501964 2.593286436261522 3.336055971281257 1.1211082425823635 2.7028453182644947 2.9971106553392004 
1.4892027161030794 1.472800625338058 2.7548940208726322 2.3913048306469733 1.5098663858501964 2.593286436261522 3.336055971281257 1.1211082425823635 2.7028453182644947 2.9971106553392004 
1.4892027161030794 1.472800625338058 2.7548940208726322 2.3913048306469733 1.5098663858501964 2.593286436261522 3.336055971281257 1.1211082425823635 2.7028453182644947 2.9971106553392004 
1.4892027161030794 1.472800625338058 2.7548940208726322 2.3913048306469733 1.5098663858501964 2.593286436261522 3.336055971281257 1.1211082425823635 2.7028453182644947 2.9971106553392004 
1.4892027161030794 1.472800625338058 2.7548940208726322 2.3913048306469733 1.5098663858501964 2.593286436261522 3.336055971281257 1.1211082425823635 2.7028453182644947 2.9971106553392004 
1.4892027161030794 1.472800625338058 2.7548940208726322 2.8933031373246982 1.5098663858501964 2.593286436261522 3.336055971281257 1.1211082425823635 2.7028453182644947 2.9971106553392004 
1.4892027161030794 1.4790664134093205 2.7548940208726322 2.8933031373246982 1.5098663858501964 2.593286436261522 3.336055971281257 1.1211082425823635 2.7028453182644947 2.9971106553392004 
1.4892027161030794 1.4790664134093205 2.7548940208726322 2.8933031373246982 1.5098663858501964 2.593286436261522 3.336055971281257 1.1211082425823635 2.7028453182644947 2.9971106553392004 
1.4892027161030794 1.4790664134093205 2.7548940208726322 2.8933031373246982 1.5098663858501964 3.6051540047851156 3.336055971281257 1.1211082425823635 2.7028453182644947 2.9971106553392004 
1.4892027161030794 1.4790664134093205 2.7548940208726322 2.8933031373246982 1.5098663858501964 3.6051540047851156 3.336055971281257 1.1211082425823635 2.7028453182644947 2.9971106553392004 
1.4892027161030794 1.4790664134093205 2.7548940208726322 2.8933031373246982 1.5098663858501964 3.6051540047851156 3.336055971281257 1.1211082425823635 2.7028453182644947 2.9971106553392004 
1.4892027161030794 1.4790664134093205 2.7548940208726322 2.8933031373246982 1.5098663858501964 3.6051540047851156 3.336055971281257 1.1211082425823635 2.7028453182644947 2.9971106553392004 
1.4892027161030794 1.4790664134093205 2.7548940208726322 2.8933031373246982 1.5098663858501964 3.6051540047851156 3.336055971281257 1.1211082425823635 2.7028453182644947 2.9971106553392004 
1.4892027161030794 1.4790664134093205 2.7548940208726322 2.8933031373246982 1.5098663858501964 3.6051540047851156 3.336055971281257 1.202855014593067 2.7028453182644947 2.9971106553392004 
1.4892027161030794 1.4790664134093205 2.7548940208726322 2.8933031373246982 1.5098663858501964 3.6051540047851156 3.336055971281257 1.202855014593067 2.7028453182644947 2.9971106553392004 
1.4892027161030794 1.4790664134093205 2.7548940208726322 2.8933031373246982 1.5098663858501964 3.6051540047851156 3.336055971281257 1.202855014593067 2.7028453182644947 2.9971106553392004 
1.4892027161030794 1.4790664134093205 2.7548940208726322 2.8933031373246982 1.5098663858501964 3.6051540047851156 3.336055971281257 1.202855014593067 2.7028453182644947 2.9971106553392004 
1.4892027161030794 1.4790664134093205 2.7548940208726322 2.8933031373246982 1.5098663858501964 3.6051540047851156 3.336055971281257 1.202855014593067 2.7028453182644947 2.9971106553392004 
1.4892027161030794 1.4790664134093205 2.7548940208726322 2.8933031373246982 1.5098663858501964 3.6051540047851156 3.336055971281257 1.202855014593067 2.7028453182644947 2.9971106553392004 
1.4892027161030794 1.4790664134093205 2.7548940208726322 2.8933031373246982 1.5098663858501964 3.6051540047851156 3.336055971281257 1.3212207643413432 2.7028453182644947 2.9971106553392004 
1.4892027161030794 1.4919010134261197 2.7548940208726322 2.8933031373246982 1.5098663858501964 3.6051540047851156 3.336055971281257 1.3212207643413432 2.7028453182644947 2.9971106553392004 
1.4892027161030794 1.4919010134261197 2.7548940208726322 2.8933031373246982 1.5098663858501964 3.6051540047851156 3.336055971281257 1.3212207643413432 2.7028453182644947 2.9971106553392004 
1.4892027161030794 1.4919010134261197 2.7548940208726322 2.8933031373246982 1.5098663858501964 3.6051540047851156 3.336055971281257 1.3212207643413432 2.830156467920837 2.9971106553392004 
1.4892027161030794 1.9208046964784617 2.7548940208726322 2.8933031373246982 1.5098663858501964 3.6051540047851156 3.336055971281257 1.3212207643413432 2.830156467920837 2.9971106553392004 
1.4892027161030794 1.9208046964784617 2.7548940208726322 2.8933031373246982 1.5098663858501964 3.6051540047851156 3.336055971281257 1.3212207643413432 2.830156467920837 2.9971106553392004 
